-27301
-27433
-27620
-27853
-28126
-28426
-28742
-29031
-29290
-29514
-29700
-29845
-29936
-29985
-29999
-29987
-29955
-29917
-29886
-29865
-29862
-29875
-29905
-29946
-29983
-29999
-29970
-29868
-29660
-29310
-28778
-28019
-27011
-25720
-24119
-22179
-19880
-17276
-14379
-11208
-7795
-4176
-480
3237
6919
10508
13948
17134
20026
22589
24795
26626
28053
29080
29720
29988
29905
29495
28785
27803
26579
25142
23513
21715
19774
17717
15567
13333
11035
8691
6322
3946
1577
-764
-3071
-5326
-7520
-9598
-11557
-13390
-15098
-16681
-18093
-19345
-20444
-21403
-22231
-22902
-23429
-23822
-24092
-24247
-24269
-24160
-23916
-23529
-22987
-22284
-21399
-20313
-19009
-17463
-15698
-13700
-11463
-8985
-6269
-3414
-445
2610
5722
8851
11851
14691
17346
19789
22002
23900
25496
26807
27855
28661
29233
29613
29843
29960
29999
29987
29952
29915
29890
29885
29899
29931
29969
29996
29991
29928
29779
29515
29098
28494
27686
26648
25357
23791
21928
19807
17433
14816
11972
8922
5764
2536
-724
-3979
-7194
-10265
-13165
-15869
-18356
-20614
-22596
-24307
-25758
-26960
-27931
-28677
-29227
-29607
-29846
-29968
-29999
-29964
-29888
-29788
-29683
-29588
-29513
-29467
-29455
-29477
-29529
-29607
-29703
-29806
-29902
-29972
-29999
-29963
-29844
-29616
-29260
-28760
-28091
-27236
-26174
-24909
-23436
-21747
-19839
-17715
-15410
-12937
-10314
-7558
-4691
-1764
1193
4156
7093
9976
12761
15420
17925
20252
22378
24275
25927
27316
28427
29248
29772
29992
29905
29512
28816
27822
26537
24973
23144
21065
18758
16245
13552
10704
7731
4671
1554
-1583
-4711
-7792
-10782
-13652
-16368
-18904
-21231
-23316
-25142
-26693
-27954
-28919
-29580
-29933
-29981
-29727
-29177
-28342
-27234
-25869
-24262
-22433
-20407
-18205
-15855
-13377
-10796
-8153
-5473
-2780
-97
2553
5130
7620
10002
12269
14409
16371
18155
19765
21208
22492
23600
24547
25348
26019
26575
27020
27367
27629
27815
27935
27993
27994
27938
27822
27641
27404
27105
26736
26288
25750
25155
24501
23782
22997
22142
21275
20398
19516
18632
17752
16933
16183
15506
14908
14394
13994
13710
13546
13503
13580
13762
14049
14442
14936
15528
16173
16866
17606
18386
19202
19989
20752
21485
22191
22868
23466
23989
24442
24831
25160
25397
25547
25615
25601
25507
25308
24999
24571
24013
23307
22437
21381
20118
18630
16897
14933
12729
10279
7586
4659
1586
-1603
-4875
-8186
-11488
-14643
-17611
-20343
-22804
-24953
-26710
-28078
-29068
-29694
-29976
-29946
-29650
-29140
-28461
-27658
-26797
-25926
-25081
-24299
-23605
-23033
-22602
-22324
-22206
-22251
-22437
-22761
-23213
-23784
-24457
-25171
-25911
-26657
-27390
-28086
-28679
-29165
-29543
-29809
-29961
-29999
-29943
-29816
-29636
-29421
-29211
-29029
-28894
-28816
-28802
-28865
-29001
-29194
-29424
-29660
-29859
-29981
-29981
-29805
-29399
-28729
-27764
-26472
-24824
-22800
-20499
-17953
-15192
-12254
-9171
-6151
-3234
-462
2140
4557
6650
8421
9878
11029
11888
12414
12615
12499
12062
11293
10225
8845
7140
5105
2734
158
-2607
-5538
-8598
-11737
-14748
-17592
-20228
-22619
-24728
-26444
-27787
-28782
-29458
-29852
-29995
-29950
-29774
-29519
-29227
-28947
-28712
-28547
-28466
-28478
-28568
-28729
-28949
-29209
-29480
-29716
-29895
-29990
-29975
-29817
-29507
-29040
-28407
-27606
-26632
-25537
-24338
-23052
-21697
-20286
-18884
-17510
-16183
-14916
-13723
-12620
-11612
-10710
-9916
-9235
-8631
-8106
-7661
-7300
-7018
-6757
-6519
-6300
-6103
-5925
-5705
-5439
-5130
-4776
-4375
-3894
-3329
-2679
-1945
-1127
-212
799
1905
3105
4398
5767
7211
8719
10287
11906
13546
15200
16849
18486
20090
21637
23109
24489
25758
26897
27883
28699
29330
29759
29976
29964
29717
29226
28486
27495
26256
24776
23061
21123
18973
16652
14179
11580
8878
6097
3311
549
-2166
-4813
-7372
-9775
-12014
-14083
-15981
-17710
-19230
-20554
-21697
-22672
-23497
-24162
-24686
-25081
-25360
-25531
-25600
-25570
-25440
-25205
-24860
-24427
-23896
-23260
-22507
-21627
-20669
-19627
-18499
-17283
-15976
-14671
-13371
-12088
-10822
-9582
-8457
-7456
-6584
-5843
-5235
-4811
-4568
-4509
-4631
-4938
-5402
-6027
-6805
-7736
-8818
-9967
-11182
-12453
-13775
-15140
-16433
-17654
-18803
-19880
-20889
-21739
-22443
-23014
-23460
-23796
-23970
-23989
-23855
-23563
-23102
-22448
-21584
-20482
-19120
-17468
-15558
-13371
-10903
-8147
-5111
-1951
1302
4611
7934
11221
14280
17085
19619
21867
23827
25428
26705
27699
28451
29003
29378
29623
29773
29859
29903
29922
29922
29902
29858
29775
29652
29476
29232
28904
28473
27975
27408
26776
26077
25317
24570
23850
23173
22549
21988
21546
21227
21039
20986
21067
21275
21607
22055
22611
23266
23949
24654
25368
26081
26783
27407
27956
28433
28841
29182
29439
29627
29760
29850
29910
29943
29959
29963
29959
29942
29911
29858
29774
29645
29459
29218
28915
28542
28089
27550
26966
26342
25687
25004
24299
23637
23028
22485
22014
21623
21344
21182
21139
21217
21413
21709
22100
22581
23144
23778
24425
25078
25729
26371
26995
27550
28040
28466
28833
29143
29382
29563
29696
29792
29859
29900
29924
29934
29934
29924
29900
29862
29801
29709
29577
29404
29183
28907
28567
28154
27693
27185
26631
26032
25389
24750
24123
23516
22938
22393
21924
21536
21235
21025
20907
20893
20981
21172
21461
21845
22303
22828
23412
24047
24724
25403
26076
26734
27365
27958
28485
28941
29322
29623
29838
29962
29999
29949
29817
29604
29322
28979
28585
28145
27666
27163
26644
26116
25586
25061
24543
24039
23552
23087
22648
22226
21822
21437
21073
20733
20394
20056
19718
19382
19046
18684
18295
17876
17430
16954
16414
15805
15127
14376
13549
12612
11559
10387
9093
7673
6111
4403
2556
569
-1548
-3780
-6108
-8515
-10976
-13464
-15913
-18288
-20554
-22672
-24602
-26271
-27657
-28736
-29494
-29913
-29985
-29728
-29160
-28305
-27185
-25857
-24361
-22738
-21021
-19241
-17456
-15693
-13979
-12332
-10771
-9295
-7909
-6625
-5447
-4381
-3377
-2438
-1563
-756
-14
724
1460
2194
2925
3654
4432
5258
6131
7048
8009
9027
10097
11218
12385
13593
14801
16008
17207
18395
19564
20658
21679
22628
23508
24318
25018
25619
26131
26563
26922
27195
27392
27520
27583
27583
27518
27385
27181
26897
26523
26080
25561
24956
24257
23455
22606
21711
20770
19787
18763
17779
16847
15972
15160
14417
13808
13335
13007
12823
12785
12898
13165
13585
14151
14861
15646
16501
17419
18393
19415
20394
21328
22216
23058
23852
24530
25103
25582
25975
26290
26492
26591
26591
26493
26291
25963
25496
24871
24066
23054
21835
20388
18686
16714
14452
11977
9298
6426
3383
195
-2983
-6117
-9171
-12115
-14913
-17444
-19703
-21693
-23420
-24896
-26094
-27050
-27796
-28368
-28797
-29101
-29310
-29444
-29521
-29550
-29537
-29481
-29374
-29204
-28952
-28613
-28162
-27579
-26838
-25911
-24818
-23546
-22086
-20428
-18562
-16566
-14450
-12227
-9913
-7520
-5171
-2882
-672
1446
3463
5292
6931
8379
9641
10720
11583
12235
12685
12935
12989
12860
12541
12035
11333
10430
9388
8200
6866
5383
3748
2077
370
-1362
-3120
-4895
-6550
-8084
-9494
-10785
-11959
-12909
-13646
-14179
-14512
-14651
-14543
-14184
-13570
-12690
-11536
-10106
-8390
-6381
-4074
-1469
1305
4224
7258
10363
13490
16436
19166
21647
23848
25743
27234
28358
29153
29662
29930
29999
29937
29802
29643
29497
29402
29375
29422
29534
29689
29846
29965
29995
29878
29543
28952
28065
26840
25246
23248
20957
18404
15621
12649
9521
6443
3463
621
-2054
-4543
-6732
-8622
-10217
-11528
-12565
-13328
-13828
-14072
-14067
-13808
-13358
-12716
-11872
-10820
-9552
-8186
-6721
-5159
-3500
-1747
-46
1597
3183
4702
6156
7436
8545
9488
10268
10890
11312
11541
11575
11421
11072
10546
9840
8950
7870
6597
5199
3672
2020
244
-1649
-3565
-5496
-7431
-9360
-11275
-13093
-14811
-16426
-17937
-19345
-20610
-21741
-22746
-23632
-24410
-25085
-25664
-26158
-26575
-26924
-27222
-27475
-27687
-27861
-28000
-28126
-28237
-28337
-28424
-28501
-28583
-28667
-28757
-28849
-28943
-29052
-29172
-29302
-29434
-29566
-29694
-29812
-29909
-29976
-29999
-29967
-29865
-29677
-29387
-28976
-28435
-27745
-26892
-25861
-24641
-23233
-21635
-19843
-17858
-15680
-13346
-10868
-8264
-5550
-2748
77
2902
5702
8451
11125
13657
16032
18238
20262
22100
23709
25100
26283
27270
28076
28699
29166
29502
29732
29878
29956
29992
29999
29994
29987
29984
29987
29994
29999
29988
29946
29853
29686
29416
29013
28459
27731
26803
25651
24248
22650
20856
18873
16709
14376
11995
9593
7191
4813
2479
333
-1611
-3352
-4881
-6201
-7222
-7948
-8385
-8537
-8407
-7965
-7205
-6123
-4711
-2965
-945
1342
3888
6664
9636
12625
15582
18449
21162
23648
25737
27414
28671
29509
29935
29972
29695
29178
28492
27699
26911
26196
25604
25175
24934
24908
25097
25492
26066
26784
27551
28316
29017
29583
29931
29979
29691
29037
27988
26523
24753
22732
20513
18148
15683
13330
11147
9174
7445
5979
4886
4179
3856
3923
4378
5199
6381
7914
9780
11948
14265
16686
19151
21590
23914
25934
27600
28860
29672
29995
29815
29172
28115
26692
24956
23026
20977
18875
16776
14726
12787
10992
9366
7928
6692
5603
4665
3879
3251
2780
2352
1971
1632
1339
1089
776
399
-40
-543
-1109
-1793
-2596
-3517
-4554
-5705
-6928
-8222
-9579
-10994
-12461
-13879
-15249
-16566
-17828
-19035
-20090
-21004
-21786
-22446
-22997
-23378
-23603
-23679
-23611
-23391
-22991
-22399
-21596
-20558
-19261
-17710
-15884
-13762
-11331
-8581
-5631
-2505
770
4156
7606
10922
14062
16992
19677
22090
24123
25796
27134
28168
28933
29446
29760
29928
29993
29994
29961
29923
29896
29889
29905
29937
29973
29997
29988
29916
29760
29493
29088
28517
27751
26796
25640
24274
22689
20880
18889
16721
14394
11919
9314
6633
3900
1135
-1634
-4389
-7098
-9742
-12296
-14741
-17058
-19235
-21251
-23091
-24738
-26182
-27405
-28400
-29159
-29678
-29952
-29982
-29780
-29356
-28723
-27896
-26912
-25800
-24584
-23289
-21938
-20600
-19300
-18066
-16911
-15855
-14958
-14235
-13695
-13343
-13183
-13241
-13513
-13999
-14691
-15580
-16630
-17828
-19153
-20577
-22067
-23543
-24972
-26312
-27519
-28545
-29316
-29809
-29998
-29860
-29376
-28562
-27433
-26015
-24328
-22399
-20309
-18102
-15817
-13490
-11152
-8867
-6659
-4549
-2553
-684
1060
2676
4159
5507
6723
7856
8906
9872
10758
11567
12364
13147
13920
14678
15425
16216
17049
17918
18819
19744
20725
21749
22800
23862
24916
25947
26929
27832
28623
29270
29731
29972
29957
29650
29018
28043
26706
24998
22913
20455
17673
14598
11267
7723
4016
253
-3509
-7211
-10793
-14205
-17353
-20201
-22717
-24877
-26665
-28058
-29064
-29697
-29979
-29933
-29590
-28985
-28154
-27134
-25957
-24663
-23282
-21845
-20377
-18902
-17435
-15993
-14591
-13241
-11953
-10710
-9513
-8371
-7286
-6260
-5258
-4281
-3329
-2404
-1505
-598
322
1253
2194
3146
4128
5142
6187
7260
8360
9480
10621
11777
12945
14123
15281
16417
17526
18607
19657
20639
21556
22407
23195
23923
24563
25124
25610
26031
26390
26677
26899
27061
27166
27220
27220
27168
27061
26896
26669
26387
26044
25633
25147
24580
23956
23273
22526
21715
20833
19925
18996
18045
17077
16095
15137
14210
13315
12458
11639
10873
10166
9516
8928
8399
7884
7380
6891
6415
5950
5430
4853
4216
3520
2765
1879
862
-287
-1565
-2974
-4543
-6266
-8131
-10122
-12222
-14389
-16594
-18799
-20961
-23030
-24905
-26545
-27914
-28967
-29670
-29981
-29909
-29469
-28677
-27556
-26192
-24646
-22973
-21223
-19439
-17747
-16190
-14801
-13608
-12631
-11935
-11530
-11423
-11612
-12099
-12854
-13868
-15125
-16599
-18258
-20002
-21790
-23568
-25275
-26842
-28149
-29144
-29776
-29999
-29765
-29065
-27912
-26326
-24333
-21965
-19343
-16532
-13595
-10589
-7561
-4640
-1862
738
3146
5346
7283
8961
10384
11562
12502
13201
13669
13912
13932
13731
13320
12695
11851
10777
9467
7959
6246
4327
2203
-117
-2558
-5102
-7725
-10400
-13093
-15702
-18198
-20545
-22710
-24657
-26321
-27688
-28745
-29484
-29900
-29993
-29774
-29262
-28477
-27437
-26168
-24694
-23041
-21233
-19292
-17214
-15016
-12714
-10328
-7876
-5324
-2685
17
2765
5536
8349
11173
13973
16705
19323
21788
24042
26026
27676
28928
29717
29999
29737
28902
27479
25520
23071
20186
16930
13371
9706
6021
2392
-1118
-4463
-7483
-10163
-12499
-14505
-16197
-17531
-18538
-19241
-19661
-19811
-19701
-19327
-18679
-17740
-16486
-14961
-13145
-11021
-8578
-5812
-2885
178
3352
6595
9864
12948
15815
18442
20812
22913
24654
26066
27187
28055
28707
29162
29469
29665
29783
29849
29882
29889
29875
29834
29756
29641
29479
29255
28955
28563
28115
27614
27065
26469
25830
25233
24696
24232
23852
23565
23443
23491
23707
24085
24609
25263
26018
26837
27676
28478
29166
29682
29965
29950
29571
28795
27597
25965
23888
21370
18529
15418
12091
8609
5026
1508
-1887
-5125
-8167
-10992
-13516
-15744
-17687
-19360
-20782
-21965
-22932
-23704
-24304
-24750
-25071
-25277
-25374
-25368
-25255
-25067
-24800
-24448
-24006
-23462
-22857
-22187
-21445
-20629
-19734
-18810
-17858
-16880
-15879
-14853
-13863
-12914
-12006
-11147
-10336
-9625
-9018
-8515
-8120
-7831
-7687
-7687
-7825
-8109
-8534
-9114
-9846
-10726
-11748
-12903
-14194
-15604
-17115
-18704
-20343
-21988
-23603
-25146
-26568
-27818
-28830
-29555
-29945
-29952
-29534
-28666
-27339
-25547
-23298
-20608
-17563
-14217
-10629
-6861
-2977
888
4674
8319
11774
14996
17904
20487
22734
24649
26238
27503
28471
29173
29640
29904
29998
29954
29805
29580
29306
29006
28700
28406
28141
27914
27734
27609
27541
27534
27587
27696
27860
28070
28320
28598
28889
29181
29456
29696
29880
29984
29985
29861
29583
29128
28476
27606
26501
25142
23516
21639
19511
17142
14538
11716
8743
5649
2467
-767
-4019
-7205
-10287
-13233
-16011
-18592
-20932
-23017
-24834
-26378
-27645
-28632
-29346
-29795
-29989
-29940
-29657
-29147
-28416
-27475
-26334
-24977
-23407
-21627
-19647
-17472
-15083
-12484
-9690
-6721
-3600
-347
3003
6409
9821
13181
16398
19413
22164
24591
26635
28215
29305
29892
29968
29535
28633
27318
25646
23674
21459
19131
16757
14399
12104
9911
7906
6117
4560
3248
2189
1374
805
480
402
569
917
1446
2158
3048
4119
5247
6429
7661
8941
10262
11501
12657
13731
14726
15644
16405
17018
17489
17823
18027
18082
17992
17754
17365
16819
16151
15353
14422
13348
12128
10863
9557
8211
6827
5408
4099
2902
1824
865
25
-575
-937
-1060
-948
-598
37
957
2163
3649
5408
7383
9554
11893
14361
16909
19376
21715
23875
25799
27430
28660
29489
29923
29975
29658
29035
28170
27129
25969
24743
23552
22446
21469
20652
20019
19588
19367
19363
19575
19998
20562
21255
22063
22967
23945
24898
25815
26681
27482
28203
28792
29256
29603
29837
29967
29999
29950
29836
29674
29475
29253
29021
28790
28566
28359
28153
27951
27756
27569
27392
27192
26965
26707
26419
26096
25705
25235
24680
24030
23277
22405
21403
20260
18969
17515
15962
14310
12562
10723
8796
6911
5083
3320
1632
25
-1362
-2530
-3477
-4204
-4714
-4924
-4839
-4455
-3771
-2785
-1505
66
1928
4071
6480
9035
11702
14442
17195
19899
22364
24548
26412
27919
29038
29714
29988
29904
29508
28846
28013
27082
26117
25175
24301
23552
22958
22541
22319
22295
22431
22723
23162
23736
24427
25127
25828
26519
27187
27820
28342
28767
29106
29372
29575
29706
29783
29824
29835
29821
29769
29667
29493
29213
28789
28187
27361
26263
24842
23048
20938
18504
15749
12683
9325
5885
2418
-1026
-4403
-7675
-10650
-13320
-15680
-17742
-19522
-20977
-22142
-23048
-23725
-24198
-24492
-24619
-24586
-24390
-24023
-23534
-22911
-22140
-21208
-20097
-18906
-17636
-16286
-14858
-13351
-11898
-10508
-9193
-7959
-6811
-5837
-5046
-4438
-4016
-3783
-3748
-3908
-4267
-4822
-5572
-6457
-7475
-8620
-9886
-11267
-12665
-14072
-15486
-16895
-18293
-19601
-20821
-21953
-22999
-23959
-24808
-25553
-26203
-26766
-27250
-27669
-28030
-28338
-28600
-28820
-29017
-29191
-29344
-29478
-29593
-29699
-29794
-29875
-29937
-29980
-29999
-29987
-29937
-29842
-29693
-29483
-29206
-28853
-28416
-27890
-27284
-26599
-25836
-24993
-24069
-23121
-22160
-21192
-20228
-19276
-18413
-17650
-16997
-16462
-16051
-15820
-15771
-15906
-16221
-16714
-17383
-18219
-19206
-20324
-21552
-22830
-24128
-25411
-26634
-27749
-28679
-29388
-29839
-29999
-29833
-29333
-28507
-27362
-25914
-24179
-22251
-20175
-17997
-15754
-13482
-11293
-9221
-7291
-5524
-3934
-2593
-1508
-684
-120
181
207
-40
-563
-1362
-2436
-3751
-5304
-7081
-9071
-11245
-13513
-15842
-18189
-20505
-22731
-24746
-26506
-27960
-29058
-29752
-29999
-29799
-29163
-28107
-26648
-24871
-22834
-20590
-18194
-15695
-13204
-10766
-8421
-6198
-4122
-2240
-566
894
2138
3163
3982
4600
5015
5230
5247
5119
4847
4429
3865
3154
2384
1551
658
-296
-1311
-2283
-3215
-4102
-4947
-5747
-6415
-6950
-7356
-7631
-7779
-7736
-7503
-7079
-6460
-5643
-4594
-3311
-1793
-40
1945
4136
6516
9060
11732
14487
17221
19878
22389
24680
26668
28240
29339
29919
29933
29351
28182
26454
24208
21491
18360
14948
11336
7606
3831
80
-3529
-6950
-10144
-13085
-15758
-18139
-20233
-22049
-23605
-24921
-26023
-26936
-27678
-28273
-28739
-29112
-29399
-29617
-29774
-29882
-29952
-29990
-29999
-29981
-29942
-29878
-29786
-29664
-29509
-29318
-29075
-28771
-28396
-27939
-27391
-26727
-25930
-24985
-23876
-22587
-21108
-19428
-17536
-15427
-13098
-10591
-7920
-5097
-2146
908
3965
6992
9959
12831
15577
18095
20375
22407
24186
25713
26957
27942
28696
29248
29627
29855
29969
29999
29974
29917
29851
29794
29757
29746
29764
29805
29863
29925
29976
29999
29972
29878
29698
29410
28992
28449
27773
26958
25996
24882
23665
22356
20965
19503
17978
16460
14963
13503
12091
10734
9480
8335
7308
6401
5617
4975
4472
4113
3897
3823
3888
4097
4444
4932
5561
6319
7208
8222
9357
10607
11969
13431
14978
16594
18258
19949
21637
23287
24862
26315
27596
28657
29443
29902
29979
29628
28812
27503
25681
23336
20522
17276
13646
9696
5493
1219
-3037
-7194
-11168
-14891
-18205
-21090
-23536
-25549
-27146
-28319
-29128
-29637
-29908
-29998
-29963
-29861
-29736
-29625
-29551
-29530
-29565
-29649
-29767
-29891
-29979
-29993
-29886
-29607
-29096
-28326
-27258
-25859
-24097
-21948
-19481
-16716
-13677
-10398
-6914
-3366
195
3719
7160
10470
13570
16428
19026
21348
23387
25147
26629
27830
28758
29420
29834
29997
29909
29573
28994
28155
27050
25672
24020
22096
19880
17374
14588
11538
8250
4779
1167
-2536
-6274
-9984
-13531
-16857
-19908
-22630
-24980
-26864
-28290
-29271
-29831
-29999
-29821
-29369
-28711
-27910
-27022
-26141
-25323
-24612
-24044
-23641
-23436
-23437
-23646
-24052
-24639
-25348
-26149
-27003
-27861
-28662
-29317
-29776
-29990
-29905
-29469
-28669
-27503
-25970
-24078
-21839
-19365
-16702
-13902
-11008
-8061
-5179
-2398
250
2745
5074
7208
9141
10879
12422
13777
14986
16053
16987
17793
18481
19113
19694
20224
20708
21148
21603
22076
22563
23061
23570
24133
24743
25389
26058
26734
27415
28078
28693
29230
29651
29921
29997
29833
29385
28608
27470
25943
24001
21629
18823
15641
12117
8294
4233
2
-4244
-8423
-12451
-16235
-19701
-22702
-25203
-27183
-28633
-29558
-29967
-29917
-29467
-28678
-27612
-26357
-24982
-23548
-22109
-20710
-19404
-18224
-17193
-16335
-15661
-15165
-14851
-14723
-14781
-15028
-15390
-15864
-16448
-17134
-17918
-18711
-19509
-20309
-21108
-21904
-22626
-23280
-23869
-24397
-24870
-25252
-25553
-25780
-25936
-26025
-26044
-25993
-25872
-25676
-25401
-25062
-24654
-24169
-23602
-22943
-22243
-21501
-20716
-19889
-19017
-18185
-17397
-16659
-15976
-15351
-14868
-14533
-14346
-14310
-14427
-14738
-15244
-15935
-16802
-17833
-19004
-20294
-21675
-23109
-24554
-25924
-27179
-28268
-29138
-29732
-29989
-29888
-29405
-28524
-27237
-25595
-23634
-21389
-18899
-16207
-13436
-10637
-7856
-5130
-2493
-17
2280
4389
6303
8017
9535
10860
12001
12961
13749
14407
14941
15353
15649
15830
15957
16032
16053
16027
15947
15879
15822
15778
15746
15724
15778
15911
16119
16405
16764
17233
17809
18488
19259
20114
21049
22051
23100
24176
25253
26295
27272
28152
28902
29486
29860
29999
29881
29484
28788
27796
26509
24934
23076
20948
18621
16127
13498
10766
7962
5182
2456
-189
-2734
-5159
-7400
-9451
-11310
-12979
-14465
-15744
-16828
-17728
-18456
-19020
-19430
-19694
-19817
-19803
-19647
-19376
-18984
-18469
-17823
-17039
-16168
-15202
-14141
-12979
-11713
-10425
-9114
-7784
-6438
-5077
-3800
-2610
-1511
-506
405
1152
1735
2155
2410
2505
2392
2071
1542
805
-143
-1308
-2688
-4279
-6072
-8053
-10171
-12401
-14711
-17063
-19411
-21643
-23715
-25579
-27182
-28474
-29383
-29890
-29983
-29654
-28900
-27768
-26298
-24537
-22528
-20318
-18022
-15695
-13387
-11136
-8974
-6981
-5179
-3582
-2203
-1043
-109
600
1086
1348
1385
1256
957
491
-143
-948
-1821
-2765
-3777
-4856
-5999
-7087
-8123
-9104
-10030
-10903
-11623
-12193
-12618
-12898
-13041
-12979
-12708
-12227
-11530
-10610
-9454
-8047
-6387
-4466
-2286
109
2708
5488
8415
11447
14462
17405
20211
22813
25131
27051
28523
29507
29967
29876
29235
28070
26415
24311
21806
18993
15942
12719
9388
6004
2656
-606
-3745
-6729
-9535
-12130
-14505
-16657
-18587
-20303
-21806
-23111
-24233
-25189
-25996
-26667
-27218
-27666
-28024
-28306
-28514
-28658
-28746
-28784
-28774
-28710
-28590
-28405
-28146
-27797
-27347
-26776
-26062
-25185
-24119
-22861
-21393
-19696
-17759
-15567
-13168
-10564
-7773
-4808
-1692
1466
4634
7776
10852
13826
16587
19115
21395
23411
25156
26591
27735
28613
29249
29674
29909
29996
29973
29876
29733
29581
29446
29347
29297
29301
29363
29477
29625
29784
29922
29996
29959
29755
29321
28588
27501
25999
24030
21548
18520
15006
11037
6664
1971
-2940
-7825
-12547
-16963
-20934
-24324
-26940
-28750
-29757
-29984
-29474
-28341
-26719
-24738
-22519
-20165
-17863
-15705
-13764
-12091
-10720
-9717
-9095
-8864
-9024
-9576
-10460
-11663
-13165
-14938
-16942
-19000
-21065
-23082
-24985
-26701
-28075
-29090
-29733
-29993
-29868
-29399
-28655
-27701
-26597
-25400
-24242
-23188
-22288
-21580
-21088
-20864
-20911
-21231
-21810
-22626
-23596
-24680
-25828
-26981
-28065
-28950
-29592
-29945
-29962
-29599
-28872
-27813
-26459
-24845
-23008
-21117
-19241
-17440
-15758
-14235
-12994
-12062
-11453
-11179
-11242
-11650
-12393
-13462
-14833
-16479
-18281
-20194
-22162
-24109
-25949
-27518
-28755
-29597
-29981
-29850
-29191
-28025
-26385
-24307
-21839
-19133
-16269
-13323
-10357
-7428
-4645
-2046
342
2505
4432
6123
7575
8796
9788
10559
11168
11620
11919
12067
12064
11995
11859
11655
11381
11037
10720
10430
10168
9933
9723
9611
9598
9682
9864
10144
10567
11133
11837
12675
13639
14736
15954
17280
18693
20171
21673
23170
24626
26002
27253
28316
29150
29718
29984
29909
29475
28675
27511
25986
24111
21963
19584
17013
14295
11469
8655
5897
3229
678
-1735
-3937
-5916
-7673
-9207
-10527
-11615
-12481
-13134
-13580
-13823
-13897
-13805
-13544
-13111
-12502
-11782
-10946
-9992
-8917
-7714
-6477
-5202
-3891
-2547
-1173
155
1437
2667
3848
4977
6018
6970
7837
8617
9314
9967
10578
11147
11673
12162
12677
13220
13790
14384
15003
15717
16520
17407
18367
19393
20509
21697
22930
24181
25417
26597
27681
28617
29353
29833
29999
29819
29266
28316
26950
25228
23190
20868
18306
15543
12753
9994
7317
4756
2344
215
-1617
-3148
-4378
-5310
-5894
-6139
-6047
-5614
-4839
-3757
-2364
-661
1351
3663
6145
8771
11506
14305
17113
19744
22160
24318
26181
27711
28832
29565
29936
29978
29723
29235
28579
27815
26998
26174
25414
24758
24235
23869
23672
23655
23817
24151
24647
25281
26002
26778
27573
28340
29029
29565
29902
29996
29796
29255
28359
27093
25452
23434
21045
18374
15464
12359
9104
5745
2401
-882
-4065
-7115
-10005
-12675
-15113
-17318
-19289
-21037
-22563
-23881
-25009
-25962
-26758
-27424
-27976
-28426
-28789
-29077
-29315
-29509
-29664
-29783
-29873
-29939
-29982
-29999
-29987
-29946
-29866
-29738
-29552
-29297
-28962
-28524
-27965
-27265
-26405
-25366
-24131
-22682
-21004
-19084
-16914
-14533
-11946
-9166
-6213
-3108
31
3177
6291
9341
12293
15028
17533
19798
21818
23591
25077
26299
27286
28066
28667
29106
29416
29627
29764
29849
29898
29924
29932
29926
29903
29862
29794
29690
29537
29317
29033
28674
28228
27685
27031
26294
25473
24568
23580
22509
21399
20256
19091
17909
16719
15545
14396
13279
12199
11157
10147
9169
8224
7319
6452
5581
4705
3825
2942
2057
1112
109
-951
-2069
-3243
-4526
-5913
-7403
-8983
-10645
-12398
-14223
-16097
-17999
-19897
-21757
-23537
-25200
-26697
-27978
-28981
-29664
-29981
-29893
-29361
-28370
-26915
-24999
-22632
-19837
-16697
-13266
-9606
-5778
-1850
2043
5837
9475
12903
16083
18930
21433
23586
25394
26870
28016
28863
29447
29805
29974
29989
29888
29704
29470
29212
28954
28716
28513
28358
28260
28215
28221
28281
28392
28549
28729
28927
29135
29343
29543
29714
29850
29946
29994
29988
29925
29803
29623
29385
29088
28742
28352
27920
27452
26951
26423
25872
25302
24715
24117
23500
22863
22210
21542
20858
20135
19371
18565
17715
16821
15847
14788
13644
12411
11088
9639
8061
6353
4517
2556
465
-1747
-4068
-6483
-8969
-11488
-14011
-16505
-18930
-21243
-23374
-25283
-26925
-28258
-29240
-29826
-29997
-29738
-29041
-27902
-26350
-24412
-22119
-19509
-16620
-13536
-10309
-6990
-3628
-270
3014
6187
9215
12073
14738
17184
19402
21389
23144
24672
25977
27073
27969
28681
29221
29608
29856
29979
29992
29909
29744
29506
29207
28858
28469
28044
27588
27110
26615
26109
25588
25056
24515
23970
23422
22863
22297
21723
21143
20558
19960
19350
18724
18088
17440
16771
16080
15370
14638
13884
13103
12293
11455
10589
9693
8768
7812
6825
5807
4759
3688
2596
1480
345
-810
-1971
-3134
-4298
-5462
-6625
-7770
-8895
-9997
-11077
-12136
-13158
-14146
-15098
-16015
-16897
-17740
-18544
-19309
-20037
-20727
-21383
-22004
-22593
-23149
-23674
-24178
-24659
-25117
-25555
-25972
-26372
-26756
-27122
-27470
-27800
-28117
-28415
-28696
-28956
-29193
-29406
-29592
-29748
-29870
-29954
-29995
-29991
-29937
-29831
-29666
-29444
-29161
-28816
-28409
-27937
-27410
-26832
-26203
-25528
-24806
-24066
-23311
-22549
-21784
-21021
-20290
-19599
-18953
-18356
-17812
-17346
-16959
-16654
-16433
-16299
-16250
-16286
-16409
-16618
-16911
-17276
-17708
-18205
-18765
-19385
-20033
-20706
-21401
-22111
-22834
-23537
-24221
-24882
-25517
-26123
-26681
-27193
-27660
-28082
-28459
-28788
-29071
-29310
-29509
-29670
-29796
-29891
-29954
-29989
-29999
-29983
-29941
-29874
-29779
-29657
-29501
-29305
-29065
-28776
-28433
-28019
-27522
-26936
-26246
-25446
-24510
-23425
-22179
-20760
-19157
-17367
-15383
-13204
-10830
-8269
-5552
-2699
270
3326
6438
9530
12562
15493
18279
20872
23202
25235
26941
28290
29260
29830
29998
29769
29153
28165
26833
25186
23255
21073
18675
16107
13406
10605
7742
4850
1965
-882
-3669
-6370
-8966
-11431
-13757
-15928
-17939
-19787
-21459
-22958
-24287
-25453
-26462
-27315
-28023
-28600
-29058
-29409
-29664
-29837
-29942
-29992
-29997
-29970
-29921
-29859
-29792
-29728
-29671
-29626
-29595
-29582
-29586
-29604
-29636
-29681
-29735
-29794
-29853
-29908
-29954
-29986
-29999
-29987
-29948
-29876
-29768
-29621
-29435
-29209
-28942
-28633
-28280
-27892
-27467
-27008
-26516
-25992
-25441
-24867
-24269
-23651
-23015
-22358
-21683
-20990
-20279
-19553
-18799
-18018
-17209
-16376
-15516
-14611
-13657
-12654
-11601
-10500
-9323
-8067
-6735
-5326
-3842
-2266
-600
1152
2986
4892
6886
8952
11077
13238
15413
17575
19694
21733
23650
25401
26934
28204
29166
29778
29999
29795
29147
28044
26480
24458
22034
19244
16131
12750
9152
5456
1726
-1974
-5592
-9079
-12330
-15319
-18024
-20436
-22549
-24338
-25824
-27028
-27981
-28709
-29236
-29597
-29825
-29949
-29996
-29992
-29956
-29908
-29860
-29824
-29801
-29798
-29812
-29842
-29885
-29928
-29967
-29993
-29998
-29973
-29911
-29809
-29660
-29461
-29208
-28913
-28581
-28215
-27816
-27391
-26971
-26562
-26172
-25809
-25477
-25213
-25021
-24906
-24871
-24916
-25058
-25292
-25615
-26015
-26481
-26998
-27548
-28108
-28650
-29146
-29557
-29850
-29992
-29945
-29672
-29148
-28351
-27257
-25853
-24123
-22109
-19828
-17297
-14540
-11583
-8526
-5408
-2269
853
3931
6875
9663
12277
14703
16933
18939
20729
22307
23685
24876
25895
26758
27478
28073
28556
28950
29268
29515
29702
29836
29929
29983
29999
29979
29926
29835
29702
29524
29296
29013
28659
28225
27700
27075
26338
25468
24453
23278
21934
20407
18697
16800
14713
12437
9976
7369
4634
1787
-1144
-4136
-7110
-10032
-12875
-15601
-18183
-20543
-22667
-24537
-26141
-27472
-28507
-29257
-29740
-29972
-29972
-29766
-29389
-28868
-28236
-27518
-26756
-25977
-25208
-24470
-23782
-23168
-22640
-22212
-21890
-21681
-21580
-21584
-21695
-21912
-22233
-22621
-23073
-23580
-24138
-24737
-25334
-25926
-26504
-27065
-27600
-28078
-28501
-28869
-29183
-29445
-29646
-29795
-29898
-29962
-29994
-29998
-29983
-29955
-29919
-29880
-29840
-29800
-29764
-29733
-29708
-29681
-29651
-29621
-29588
-29552
-29498
-29423
-29322
-29192
-29026
-28796
-28487
-28083
-27564
-26906
-26070
-25026
-23742
-22185
-20326
-18171
-15707
-12930
-9843
-6463
-2919
741
4466
8197
11867
15266
18356
21104
23489
25499
27058
28218
29035
29565
29865
29985
29993
29943
29881
29834
29825
29855
29915
29976
29998
29930
29720
29310
28632
27615
26273
24583
22530
20107
17315
14344
11245
8073
4872
1686
-1279
-3996
-6449
-8628
-10535
-12109
-13364
-14315
-14978
-15363
-15516
-15440
-15132
-14591
-13805
-12891
-11840
-10648
-9312
-7825
-6370
-4947
-3560
-2214
-914
175
1055
1724
2183
2433
2387
2046
1405
468
-767
-2286
-4085
-6148
-8457
-10981
-13580
-16209
-18814
-21332
-23690
-25726
-27404
-28689
-29550
-29963
-29922
-29465
-28639
-27489
-26063
-24455
-22729
-20940
-19140
-17369
-15678
-14095
-12644
-11344
-10209
-9191
-8294
-7523
-6880
-6370
-5894
-5450
-5043
-4668
-4327
-3931
-3477
-2968
-2401
-1775
-1049
-221
707
1735
2865
4060
5318
6636
8012
9437
10828
12183
13498
14771
16003
17099
18068
18915
19649
20275
20735
21037
21186
21186
21037
20702
20173
19439
18483
17285
15855
14171
12222
9994
7483
4770
1867
-1198
-4401
-7698
-10935
-14070
-17054
-19839
-22378
-24563
-26382
-27827
-28900
-29605
-29950
-29972
-29711
-29209
-28504
-27651
-26695
-25678
-24634
-23594
-22596
-21663
-20814
-20067
-19435
-18924
-18540
-18290
-18176
-18198
-18349
-18625
-19026
-19544
-20173
-20901
-21717
-22606
-23552
-24533
-25516
-26474
-27382
-28209
-28920
-29479
-29849
-29998
-29888
-29485
-28763
-27698
-26271
-24470
-22288
-19755
-16890
-13723
-10287
-6625
-2848
986
4816
8578
12209
15589
18677
21435
23833
25849
27441
28628
29431
29877
29998
29834
29437
28858
28144
27336
26498
25673
24895
24194
23594
23131
22817
22663
22671
22843
23188
23695
24348
25121
25980
26879
27771
28599
29296
29789
29997
29847
29270
28195
26560
24365
21603
18288
14452
10152
5583
856
-3911
-8600
-13088
-17151
-20716
-23729
-26157
-27986
-29190
-29835
-29995
-29750
-29178
-28385
-27464
-26496
-25549
-24678
-23951
-23402
-23058
-22932
-23030
-23327
-23813
-24467
-25260
-26154
-27056
-27924
-28708
-29357
-29807
-29995
-29897
-29491
-28761
-27692
-26353
-24782
-23019
-21100
-19062
-17056
-15130
-13325
-11671
-10190
-8991
-8090
-7492
-7208
-7235
-7592
-8278
-9284
-10599
-12206
-14031
-16041
-18189
-20415
-22642
-24720
-26572
-28114
-29250
-29892
-29951
-29397
-28210
-26383
-23928
-20957
-17547
-13790
-9772
-5586
-1405
2685
6608
10306
13728
16804
19520
21875
23875
25537
26883
27941
28740
29313
29693
29912
29996
29970
29856
29676
29441
29161
28851
28517
28172
27801
27409
26997
26568
26126
25643
25119
24552
23938
23278
22543
21729
20827
19834
18747
17542
16214
14756
13165
11439
9585
7598
5485
3251
908
-1525
-4039
-6608
-9213
-11824
-14381
-16854
-19213
-21423
-23451
-25238
-26764
-28011
-28964
-29614
-29947
-29975
-29713
-29180
-28395
-27396
-26217
-24888
-23441
-21902
-20335
-18767
-17226
-15734
-14310
-12981
-11761
-10658
-9685
-8845
-8128
-7534
-7067
-6729
-6519
-6404
-6384
-6457
-6625
-6888
-7202
-7567
-7981
-8445
-8961
-9497
-10054
-10634
-11234
-11856
-12481
-13114
-13751
-14394
-15041
-15685
-16328
-16966
-17601
-18231
-18844
-19441
-20024
-20592
-21143
-21659
-22142
-22593
-23014
-23405
-23729
-23991
-24193
-24338
-24429
-24427
-24333
-24143
-23855
-23460
-22921
-22220
-21342
-20269
-18982
-17456
-15671
-13608
-11256
-8609
-5717
-2596
724
4207
7803
11331
14731
17939
20895
23534
25720
27447
28718
29545
29949
29961
29657
29106
28374
27522
26640
25786
25007
24343
23824
23455
23251
23219
23356
23662
24068
24567
25142
25783
26466
27100
27682
28206
28669
29071
29369
29586
29737
29838
29903
29935
29945
29938
29910
29852
29741
29547
29232
28748
28044
27095
25863
24306
22387
20073
17482
14633
11557
8283
4850
1500
-1718
-4770
-7628
-10273
-12549
-14470
-16053
-17325
-18306
-18962
-19311
-19369
-19135
-18601
-17782
-16659
-15205
-13395
-11203
-8738
-6002
-3000
241
3691
7118
10476
13713
16783
19638
22109
24201
25926
27303
28360
29095
29570
29845
29972
29999
29967
29914
29866
29840
29844
29873
29919
29968
29998
29981
29892
29705
29397
28939
28302
27505
26543
25414
24114
22644
21075
19426
17712
15952
14158
12409
10718
9101
7570
6134
4819
3631
2573
1649
859
189
-359
-790
-1101
-1293
-1397
-1414
-1345
-1190
-945
-646
-290
123
595
1124
1689
2292
2931
3605
4318
5063
5840
6650
7492
8363
9270
10214
11189
12196
13230
14303
15413
16552
17712
18889
20078
21271
22454
23614
24735
25815
26829
27753
28557
29214
29692
29957
29974
29707
29122
28192
26892
25203
23114
20621
17759
14553
11040
7263
3280
-782
-4853
-8856
-12714
-16349
-19619
-22477
-24893
-26847
-28330
-29320
-29860
-29996
-29779
-29264
-28524
-27631
-26647
-25627
-24617
-23688
-22878
-22216
-21725
-21419
-21314
-21409
-21703
-22187
-22848
-23634
-24520
-25474
-26461
-27432
-28306
-29043
-29598
-29928
-29984
-29735
-29168
-28277
-27057
-25508
-23709
-21701
-19520
-17205
-14791
-12419
-10128
-7951
-5913
-4037
-2407
-1032
83
937
1528
1821
1818
1519
922
25
-1155
-2621
-4364
-6373
-8628
-11037
-13567
-16170
-18787
-21346
-23692
-25764
-27495
-28820
-29675
-29997
-29783
-29044
-27792
-26054
-23942
-21536
-18908
-16131
-13269
-10473
-7803
-5304
-3006
-931
859
2361
3574
4497
5136
5519
5646
5524
5148
4515
3734
2803
1718
483
-902
-2280
-3649
-5006
-6348
-7673
-8829
-9821
-10650
-11325
-11848
-12122
-12151
-11940
-11482
-10771
-9785
-8515
-6950
-5085
-2914
-517
2092
4892
7853
10933
13930
16802
19505
21992
24220
26048
27492
28579
29335
29793
29981
29976
29841
29635
29407
29213
29087
29050
29105
29246
29445
29668
29869
29989
29956
29704
29173
28305
27040
25320
23209
20719
17870
14691
11218
7661
4085
549
-2894
-6201
-9232
-11969
-14412
-16561
-18431
-20033
-21387
-22517
-23444
-24193
-24818
-25334
-25750
-26077
-26324
-26547
-26748
-26928
-27088
-27230
-27393
-27578
-27780
-27996
-28223
-28471
-28733
-28999
-29258
-29500
-29704
-29863
-29965
-29999
-29954
-29829
-29627
-29350
-29004
-28591
-28155
-27716
-27289
-26887
-26523
-26252
-26086
-26032
-26091
-26263
-26554
-26950
-27430
-27967
-28526
-29055
-29509
-29841
-29995
-29910
-29543
-28857
-27824
-26416
-24611
-22481
-20052
-17355
-14427
-11304
-8136
-4975
-1864
1155
4057
6754
9235
11493
13526
15341
16947
18356
19579
20629
21520
22301
22982
23570
24071
24495
24895
25274
25630
25966
26283
26622
26978
27347
27721
28095
28478
28857
29214
29529
29780
29947
29998
29898
29613
29104
28340
27289
25920
24208
22133
19720
16975
13914
10562
6953
3200
-638
-4503
-8327
-12043
-15528
-18727
-21592
-24080
-26161
-27789
-28962
-29691
-29989
-29880
-29396
-28582
-27481
-26138
-24596
-22913
-21133
-19294
-17433
-15580
-13777
-12048
-10414
-8889
-7483
-6227
-5122
-4176
-3392
-2771
-2309
-2008
-1867
-1885
-2063
-2387
-2856
-3471
-4230
-5133
-6148
-7269
-8496
-9818
-11232
-12683
-14164
-15666
-17177
-18684
-20129
-21504
-22800
-24011
-25130
-26116
-26975
-27710
-28330
-28840
-29233
-29525
-29732
-29869
-29951
-29989
-29999
-29994
-29982
-29973
-29970
-29976
-29987
-29998
-29997
-29970
-29900
-29766
-29543
-29202
-28722
-28075
-27232
-26165
-24847
-23280
-21453
-19356
-16985
-14344
-11490
-8448
-5244
-1913
1505
4921
8289
11559
14691
17638
20330
22738
24832
26591
27996
29029
29691
29982
29913
29494
28742
27682
26331
24719
22870
20810
18565
16163
13634
11002
8286
5510
2699
-117
-2919
-5697
-8423
-11077
-13634
-16070
-18381
-20543
-22534
-24331
-25914
-27266
-28367
-29197
-29742
-29986
-29919
-29532
-28820
-27782
-26420
-24746
-22774
-20520
-18006
-15256
-12311
-9202
-5967
-2644
724
4062
7331
10489
13503
16337
18942
21296
23382
25188
26707
27929
28857
29503
29879
29999
29882
29548
29020
28321
27470
26496
25417
24255
23030
21759
20459
19146
17835
16537
15261
14024
12831
11692
10610
9593
8650
7784
6998
6294
5674
5145
4708
4364
4113
3954
3894
3931
4068
4304
4640
5057
5558
6139
6802
7545
8346
9207
10122
11090
12109
13150
14212
15289
16378
17475
18551
19603
20629
21623
22583
23488
24334
25125
25857
26531
27134
27668
28138
28545
28894
29183
29416
29601
29743
29847
29918
29962
29987
29998
29999
29995
29992
29989
29991
29994
29999
29998
29983
29943
29865
29729
29513
29193
28742
28131
27323
26287
24986
23391
21469
19211
16601
13639
10331
6698
2833
-1204
-5349
-9510
-13593
-17416
-20889
-23916
-26412
-28298
-29485
-29981
-29809
-29009
-27632
-25803
-23630
-21215
-18648
-16013
-13467
-11080
-8903
-6973
-5312
-3985
-3003
-2367
-2083
-2149
-2536
-3245
-4276
-5620
-7269
-9109
-11120
-13276
-15543
-17876
-20112
-22212
-24141
-25861
-27335
-28470
-29279
-29778
-29988
-29933
-29657
-29222
-28681
-28082
-27468
-26920
-26476
-26164
-26003
-26003
-26171
-26496
-26958
-27526
-28156
-28781
-29340
-29769
-29987
-29910
-29463
-28587
-27225
-25327
-22859
-19889
-16448
-12589
-8374
-3885
664
5174
9538
13664
17465
20802
23634
25940
27716
28969
29711
29993
29871
29403
28649
27679
26555
25332
24062
22789
21552
20381
19305
18344
17517
16821
16264
15857
15599
15496
15518
15666
15937
16330
16840
17428
18088
18819
19610
20455
21318
22191
23067
23937
24792
25610
26385
27107
27770
28365
28882
29312
29647
29876
29988
29975
29821
29513
29039
28386
27529
26451
25135
23568
21739
19621
17207
14500
11506
8244
4748
1058
-2774
-6684
-10599
-14376
-17930
-21176
-24028
-26407
-28201
-29385
-29948
-29891
-29230
-28037
-26403
-24412
-22150
-19694
-17224
-14823
-12560
-10484
-8631
-7107
-5930
-5113
-4662
-4580
-4864
-5516
-6530
-7898
-9603
-11520
-13618
-15862
-18198
-20566
-22770
-24766
-26508
-27948
-29040
-29711
-29988
-29902
-29490
-28786
-27884
-26860
-25779
-24696
-23660
-22751
-22006
-21451
-21106
-20981
-21033
-21261
-21659
-22218
-22923
-23658
-24415
-25181
-25946
-26694
-27334
-27876
-28329
-28704
-29011
-29223
-29361
-29441
-29472
-29457
-29380
-29230
-28982
-28609
-28068
-27336
-26371
-25127
-23559
-21623
-19387
-16847
-14011
-10892
-7512
-4080
-646
2739
6038
9210
12083
14648
16909
18877
20569
21955
23071
23945
24609
25086
25397
25555
25567
25434
25149
24754
24240
23591
22794
21831
20789
19664
18453
17158
15776
14430
13127
11877
10688
9568
8603
7801
7166
6701
6409
6305
6384
6650
7101
7736
8499
9385
10392
11514
12743
13979
15220
16460
17694
18915
20037
21063
22000
22850
23620
24259
24782
25200
25523
25758
25898
25949
25914
25790
25573
25266
24862
24348
23716
22953
22076
21079
19951
18684
17269
15754
14141
12432
10629
8738
6822
4889
2948
1009
-922
-2774
-4540
-6215
-7798
-9287
-10637
-11856
-12943
-13904
-14746
-15452
-16030
-16482
-16814
-17030
-17132
-17125
-17006
-16776
-16428
-15989
-15452
-14813
-14072
-13222
-12311
-11338
-10303
-9204
-8039
-6886
-5745
-4617
-3506
-2413
-1423
-537
241
914
1480
1870
2086
2126
1991
1680
1161
428
-517
-1675
-3043
-4611
-6376
-8322
-10430
-12675
-14978
-17304
-19610
-21841
-23942
-25805
-27383
-28630
-29499
-29946
-29937
-29471
-28551
-27189
-25404
-23264
-20819
-18118
-15217
-12162
-9021
-5843
-2670
454
3500
6449
9273
11951
14465
16800
18969
20961
22766
24377
25787
27002
28016
28824
29423
29811
29987
29955
29720
29291
28671
27889
26961
25907
24745
23491
22216
20946
19703
18508
17376
16393
15570
14921
14455
14176
14133
14323
14746
15395
16260
17315
18542
19912
21393
22940
24458
25904
27224
28358
29244
29800
29999
29819
29240
28250
26902
25238
23298
21129
18769
16347
13914
11520
9199
6984
4926
3046
1354
-140
-1434
-2581
-3585
-4447
-5165
-5742
-6294
-6822
-7328
-7809
-8269
-8831
-9497
-10262
-11125
-12080
-13204
-14485
-15906
-17444
-19077
-20774
-22496
-24189
-25797
-27252
-28450
-29339
-29868
-29988
-29650
-28858
-27636
-26013
-24025
-21709
-19244
-16707
-14169
-11684
-9298
-7177
-5352
-3845
-2667
-1824
-1365
-1288
-1591
-2277
-3346
-4722
-6401
-8363
-10586
-13034
-15528
-18024
-20468
-22794
-24934
-26727
-28149
-29177
-29797
-29999
-29794
-29233
-28365
-27241
-25913
-24458
-22936
-21391
-19867
-18399
-17006
-15712
-14535
-13490
-12589
-11753
-10984
-10287
-9663
-9114
-8521
-7881
-7197
-6466
-5686
-4753
-3669
-2427
-1032
517
2260
4190
6294
8554
10943
13387
15852
18293
20662
22906
24893
26595
27981
29023
29699
29984
29916
29533
28876
27986
26965
25879
24790
23747
22789
22004
21425
21069
20953
21075
21445
22049
22865
23859
24983
26142
27278
28318
29180
29774
29999
29798
29120
27917
26152
23896
21190
18082
14631
10900
7093
3291
-434
-4022
-7428
-10503
-13238
-15634
-17703
-19465
-20905
-22057
-22953
-23620
-24082
-24360
-24465
-24404
-24171
-23757
-23180
-22424
-21467
-20288
-18864
-17238
-15400
-13338
-11051
-8534
-5891
-3140
-301
2598
5536
8385
11122
13728
16180
18462
20497
22290
23847
25181
26310
27217
27931
28482
28899
29208
29417
29553
29632
29667
29664
29618
29521
29357
29102
28727
28197
27467
26493
25224
23609
21629
19250
16450
13217
9557
5581
1345
-3071
-7572
-12040
-16235
-20048
-23369
-26102
-28160
-29450
-29981
-29784
-28905
-27405
-25422
-23073
-20470
-17715
-14893
-12159
-9582
-7213
-5091
-3240
-1695
-462
454
1055
1339
1365
1135
646
-100
-1106
-2234
-3483
-4847
-6322
-7901
-9412
-10855
-12230
-13534
-14768
-15800
-16640
-17297
-17779
-18097
-18180
-18031
-17645
-17013
-16124
-14971
-13536
-11800
-9750
-7372
-4759
-1922
1118
4333
7678
10935
14062
17013
19751
22233
24311
26006
27346
28365
29100
29566
29831
29957
29998
29993
29976
29969
29976
29994
29997
29954
29823
29548
29068
28309
27257
25874
24126
21982
19422
16601
13564
10355
7018
3597
327
-2751
-5606
-8222
-10589
-12604
-14283
-15646
-16712
-17501
-18031
-18315
-18358
-18165
-17726
-17118
-16330
-15353
-14176
-12790
-11328
-9793
-8189
-6516
-4776
-3131
-1586
-146
1184
2404
3414
4216
4811
5199
5383
5357
5119
4668
4002
3120
2100
943
-353
-1784
-3349
-4912
-6471
-8023
-9560
-11080
-12463
-13713
-14833
-15830
-16707
-17407
-17939
-18311
-18526
-18589
-18499
-18254
-17846
-17276
-16530
-15656
-14648
-13500
-12206
-10758
-9248
-7678
-6052
-4372
-2642
-957
675
2252
3768
5224
6578
7828
8977
10024
10976
11837
12612
13302
13909
14437
14938
15415
15869
16299
16707
17153
17638
18160
18715
19303
19955
20669
21435
22245
23089
23951
24818
25678
26512
27305
28010
28619
29126
29524
29805
29959
29999
29940
29798
29587
29342
29091
28856
28654
28498
28422
28431
28526
28698
28933
29207
29491
29749
29935
29999
29886
29552
28949
28030
26749
25135
23188
20911
18320
15430
12393
9259
6075
2885
-270
-3257
-6052
-8633
-10994
-13132
-15033
-16707
-18165
-19420
-20489
-21413
-22204
-22872
-23429
-23881
-24301
-24689
-25049
-25382
-25688
-26031
-26404
-26801
-27215
-27639
-28092
-28555
-29000
-29402
-29727
-29938
-29997
-29856
-29471
-28794
-27800
-26466
-24769
-22695
-20233
-17501
-14538
-11384
-8087
-4688
-1403
1726
4668
7397
9900
12046
13848
15326
16498
17386
17955
18224
18201
17883
17262
16354
15142
13603
11716
9459
6942
4168
1150
-2086
-5502
-8878
-12170
-15324
-18293
-21027
-23369
-25323
-26902
-28125
-29015
-29583
-29890
-29997
-29958
-29823
-29645
-29467
-29321
-29231
-29209
-29253
-29360
-29512
-29688
-29856
-29970
-29994
-29889
-29607
-29101
-28354
-27341
-26039
-24430
-22498
-20303
-17863
-15200
-12338
-9303
-6201
-3068
57
3143
6156
9035
11756
14300
16657
18814
20758
22490
24013
25334
26462
27403
28171
28781
29247
29588
29813
29943
29996
29988
29935
29855
29763
29672
29592
29532
29504
29512
29555
29628
29723
29829
29926
29989
29988
29886
29643
29217
28563
27631
26375
24785
22839
20518
17814
14731
11389
7834
4113
287
-3585
-7305
-10817
-14080
-17061
-19738
-22006
-23891
-25429
-26655
-27611
-28308
-28800
-29136
-29352
-29481
-29539
-29536
-29472
-29334
-29100
-28752
-28252
-27559
-26624
-25395
-23883
-22059
-19899
-17388
-14515
-11397
-8067
-4563
-931
2780
6415
9922
13251
16359
19209
21739
23933
25786
27291
28454
29283
29790
29994
29912
29569
28974
28139
27075
25796
24318
22613
20686
18542
16192
13649
10890
7928
4790
1502
-1896
-5352
-8812
-12222
-15521
-18643
-21479
-23979
-26093
-27784
-29016
-29746
-29999
-29804
-29201
-28230
-26991
-25564
-24021
-22428
-20837
-19374
-18084
-17009
-16173
-15594
-15316
-15339
-15663
-16284
-17188
-18306
-19610
-21063
-22621
-24225
-25737
-27107
-28281
-29196
-29790
-29999
-29817
-29245
-28290
-26961
-25357
-23541
-21572
-19500
-17376
-15339
-13434
-11697
-10160
-8840
-7784
-7004
-6505
-6291
-6362
-6684
-7258
-8081
-9144
-10441
-11883
-13454
-15137
-16909
-18742
-20535
-22262
-23896
-25408
-26762
-27899
-28803
-29461
-29864
-29999
-29864
-29460
-28795
-27875
-26709
-25312
-23700
-21890
-19899
-17745
-15447
-13023
-10495
-7884
-5213
-2513
195
2891
5552
8158
10653
13023
15256
17341
19272
21008
22555
23919
25110
26136
26981
27667
28216
28648
28982
29224
29393
29504
29569
29598
29589
29540
29445
29292
29064
28745
28313
27738
26993
26044
24887
23502
21867
19964
17779
15383
12782
9994
7040
3943
836
-2243
-5266
-8202
-11027
-13626
-15993
-18125
-20026
-21705
-23121
-24302
-25274
-26061
-26689
-27165
-27512
-27747
-27884
-27932
-27893
-27763
-27539
-27203
-26740
-26142
-25389
-24455
-23315
-21942
-20350
-18524
-16453
-14128
-11546
-8776
-5835
-2745
462
3754
7012
10198
13269
16187
18915
21364
23520
25370
26906
28129
29025
29619
29931
29992
29826
29467
28946
28297
27549
26728
25859
24962
24059
23168
22301
21443
20602
19785
19000
18251
17494
16726
15950
15165
14374
13518
12597
11607
10548
9418
8167
6794
5298
3680
1939
66
-1936
-4057
-6283
-8598
-10957
-13338
-15710
-18041
-20292
-22385
-24289
-25970
-27398
-28543
-29360
-29845
-29999
-29827
-29335
-28556
-27521
-26266
-24823
-23222
-21526
-19768
-17983
-16200
-14440
-12732
-11096
-9546
-8095
-6749
-5493
-4330
-3265
-2300
-1437
-629
120
816
1454
2037
2613
3186
3754
4318
4878
5470
6094
6749
7434
8150
8908
9706
10543
11416
12325
13253
14199
15160
16131
17113
18077
19022
19945
20843
21715
22537
23315
24046
24730
25370
25952
26480
26957
27385
27770
28119
28431
28711
28958
29174
29366
29534
29675
29791
29883
29949
29988
29999
29977
29924
29833
29701
29527
29306
29034
28711
28334
27899
27405
26850
26246
25597
24901
24164
23383
22589
21786
20977
20169
19365
18596
17870
17188
16559
15981
15479
15056
14713
14455
14280
14192
14187
14263
14422
14666
14981
15365
15817
16335
16916
17533
18183
18862
19566
20292
21008
21711
22401
23074
23731
24340
24903
25425
25904
26345
26727
27056
27337
27575
27773
27918
28013
28061
28064
28023
27924
27760
27528
27218
26818
26310
25679
24905
23970
22852
21544
20026
18286
16308
14083
11647
9005
6168
3154
-8
-3215
-6426
-9606
-12708
-15693
-18447
-20944
-23162
-25083
-26695
-27964
-28906
-29543
-29898
-29999
-29874
-29563
-29099
-28519
-27853
-27126
-26363
-25585
-24813
-24062
-23324
-22606
-21918
-21267
-20658
-20039
-19411
-18774
-18130
-17477
-16747
-15937
-15043
-14062
-12992
-11774
-10403
-8875
-7188
-5338
-3311
-1115
1242
3745
6376
9057
11758
14447
17080
19614
21934
24009
25815
27323
28513
29341
29829
29999
29877
29493
28900
28154
27302
26387
25449
24552
23731
23014
22424
21977
21675
21526
21530
21689
22000
22411
22911
23497
24151
24865
25564
26242
26892
27505
28074
28556
28955
29281
29537
29731
29860
29938
29980
29997
29998
29993
29987
29985
29989
29996
29999
29989
29955
29881
29746
29535
29229
28806
28243
27515
26624
25553
24289
22821
21137
19272
17231
15021
12652
10136
7514
4805
2028
-790
-3628
-6440
-9199
-11883
-14462
-16916
-19209
-21318
-23229
-24926
-26394
-27614
-28583
-29299
-29762
-29980
-29958
-29713
-29264
-28628
-27825
-26892
-25854
-24738
-23566
-22358
-21170
-20019
-18930
-17916
-16990
-16197
-15548
-15048
-14706
-14522
-14520
-14693
-15043
-15565
-16255
-17089
-18059
-19146
-20335
-21601
-22898
-24198
-25465
-26664
-27751
-28662
-29364
-29821
-29998
-29861
-29390
-28581
-27430
-25940
-24117
-22026
-19699
-17172
-14482
-11663
-8815
-5979
-3189
-474
2140
4585
6853
8930
10820
12523
14016
15309
16412
17334
18088
18675
19102
19378
19505
19487
19329
19028
18580
17978
17214
16296
15215
13958
12520
10892
9095
7126
4986
2682
221
-2344
-4997
-7712
-10460
-13206
-15881
-18444
-20858
-23078
-25062
-26752
-28116
-29126
-29759
-29998
-29830
-29258
-28292
-26947
-25238
-23209
-20897
-18338
-15572
-12639
-9595
-6483
-3340
-207
2882
5894
8798
11572
14192
16640
18910
20990
22865
24528
25975
27210
28228
29020
29581
29908
29997
29844
29446
28799
27903
26752
25341
23676
21759
19597
17193
14561
11718
8688
5499
2191
-1196
-4623
-8042
-11402
-14631
-17675
-20489
-23019
-25221
-27022
-28406
-29362
-29887
-29983
-29670
-28983
-27963
-26651
-25088
-23353
-21499
-19575
-17622
-15676
-13803
-12032
-10390
-8892
-7550
-6387
-5408
-4617
-4019
-3614
-3377
-3306
-3398
-3654
-4080
-4617
-5266
-6027
-6894
-7870
-8881
-9927
-11005
-12112
-13243
-14328
-15368
-16361
-17308
-18212
-19022
-19744
-20384
-20944
-21431
-21806
-22074
-22241
-22309
-22278
-22125
-21847
-21439
-20893
-20197
-19338
-18304
-17080
-15654
-14009
-12162
-10106
-7839
-5366
-2690
112
3023
6013
9046
12080
14998
17761
20330
22669
24740
26470
27853
28889
29582
29940
29978
29736
29250
28560
27701
26734
25700
24639
23584
22565
21619
20768
20033
19424
18953
18621
18431
18388
18488
18733
19095
19568
20148
20825
21590
22401
23249
24123
25005
25880
26714
27490
28194
28807
29313
29688
29922
29999
29909
29639
29177
28511
27630
26525
25189
23614
21796
19734
17433
14901
12151
9202
6075
2803
-580
-4016
-7458
-10855
-14151
-17290
-20177
-22770
-25021
-26892
-28348
-29346
-29888
-29980
-29636
-28877
-27753
-26316
-24617
-22708
-20635
-18502
-16356
-14245
-12204
-10262
-8501
-6939
-5589
-4463
-3565
-2937
-2578
-2493
-2679
-3137
-3856
-4836
-6069
-7547
-9259
-11147
-13186
-15348
-17589
-19861
-22049
-24101
-25953
-27540
-28790
-29615
-29982
-29865
-29243
-28107
-26509
-24504
-22142
-19483
-16580
-13598
-10607
-7670
-4833
-2132
299
2441
4287
5835
7087
7992
8556
8785
8683
8247
7481
6378
4932
3137
989
-1414
-4057
-6914
-9943
-13090
-16151
-19069
-21778
-24215
-26310
-27927
-29069
-29751
-29998
-29836
-29339
-28597
-27692
-26699
-25682
-24759
-23989
-23412
-23059
-22947
-23085
-23469
-24082
-24888
-25844
-26830
-27795
-28673
-29389
-29860
-29997
-29774
-29169
-28164
-26747
-25037
-23102
-21000
-18790
-16520
-14394
-12468
-10785
-9374
-8252
-7512
-7160
-7202
-7636
-8459
-9609
-11069
-12820
-14826
-17039
-19272
-21473
-23579
-25520
-27219
-28524
-29423
-29908
-29976
-29630
-28931
-27951
-26762
-25428
-24006
-22615
-21314
-20148
-19155
-18363
-17798
-17475
-17400
-17575
-17997
-18576
-19303
-20165
-21145
-22222
-23267
-24274
-25231
-26131
-26965
-27658
-28228
-28688
-29053
-29337
-29534
-29665
-29748
-29794
-29813
-29807
-29778
-29718
-29620
-29468
-29262
-28991
-28641
-28197
-27641
-27015
-26317
-25550
-24715
-23815
-22928
-22069
-21251
-20485
-19778
-19197
-18749
-18440
-18277
-18258
-18384
-18652
-19060
-19601
-20267
-20996
-21778
-22604
-23462
-24340
-25163
-25930
-26638
-27284
-27866
-28349
-28742
-29061
-29311
-29507
-29646
-29742
-29805
-29843
-29863
-29865
-29850
-29817
-29758
-29665
-29535
-29354
-29112
-28792
-28381
-27885
-27298
-26609
-25814
-24900
-23905
-22834
-21687
-20470
-19186
-17879
-16556
-15227
-13897
-12573
-11285
-10041
-8845
-7703
-6619
-5597
-4640
-3745
-2919
-2161
-1457
-810
-221
310
787
1219
1603
1942
2234
2482
2676
2819
2914
2957
2951
2876
2731
2513
2223
1862
1405
851
198
-552
-1400
-2364
-3443
-4634
-5933
-7339
-8845
-10443
-12122
-13866
-15659
-17463
-19259
-21021
-22719
-24324
-25786
-27075
-28163
-29023
-29629
-29949
-29972
-29686
-29084
-28162
-26936
-25415
-23620
-21566
-19274
-16788
-14133
-11341
-8443
-5470
-2453
577
3594
6564
9459
12254
14921
17435
19772
21910
23838
25535
26982
28162
29061
29666
29967
29951
29612
28945
27950
26631
24995
23052
20821
18331
15609
12688
9598
6376
3091
-215
-3506
-6740
-9880
-12854
-15636
-18203
-20537
-22623
-24425
-25950
-27207
-28208
-28967
-29497
-29824
-29978
-29987
-29878
-29681
-29424
-29133
-28829
-28534
-28274
-28062
-27911
-27827
-27816
-27878
-28009
-28203
-28449
-28735
-29035
-29330
-29598
-29818
-29960
-29997
-29908
-29675
-29275
-28688
-27928
-26992
-25883
-24604
-23159
-21625
-20026
-18384
-16716
-15043
-13464
-12001
-10667
-9478
-8440
-7623
-7032
-6670
-6542
-6645
-6995
-7589
-8426
-9497
-10793
-12262
-13886
-15644
-17505
-19435
-21322
-23131
-24823
-26354
-27682
-28719
-29456
-29884
-29996
-29789
-29293
-28548
-27593
-26469
-25211
-23921
-22648
-21433
-20311
-19309
-18504
-17913
-17554
-17433
-17552
-17916
-18520
-19345
-20373
-21574
-22881
-24253
-25634
-26958
-28149
-29098
-29740
-29997
-29798
-29071
-27790
-25942
-23527
-20560
-17073
-13214
-9073
-4742
-319
4099
8333
12304
15945
19209
22059
24435
26349
27821
28882
29569
29923
29993
29832
29486
29005
28424
27780
27105
26428
25774
25136
24530
23966
23455
23006
22566
22136
21721
21318
20930
20491
19998
19450
18844
18174
17379
16453
15388
14176
12810
11256
9505
7553
5400
3048
540
-2109
-4878
-7739
-10658
-13534
-16323
-18984
-21469
-23731
-25663
-27249
-28478
-29346
-29851
-29999
-29833
-29397
-28737
-27896
-26952
-25959
-24964
-24007
-23123
-22352
-21719
-21237
-20922
-20778
-20785
-20940
-21241
-21681
-22253
-22874
-23537
-24233
-24951
-25681
-26345
-26946
-27484
-27964
-28387
-28722
-28985
-29186
-29337
-29448
-29515
-29547
-29547
-29515
-29446
-29339
-29188
-28978
-28699
-28335
-27906
-27405
-26828
-26168
-25419
-24655
-23890
-23131
-22389
-21671
-21077
-20621
-20311
-20154
-20152
-20362
-20778
-21391
-22179
-23121
-24165
-25274
-26398
-27484
-28467
-29248
-29776
-29996
-29853
-29296
-28319
-26928
-25135
-22958
-20422
-17664
-14748
-11735
-8675
-5614
-2685
80
2656
5026
7180
9106
10806
12290
13562
14633
15555
16337
16985
17505
17902
18242
18526
18756
18933
19060
19184
19305
19424
19540
19655
19772
19891
20013
20137
20265
20371
20457
20522
20569
20596
20545
20418
20209
19921
19546
19020
18333
17477
16440
15212
13744
12022
10035
7776
5238
2464
-529
-3714
-7051
-10486
-13841
-17054
-20061
-22792
-25180
-27084
-28503
-29443
-29923
-29966
-29629
-29000
-28161
-27188
-26148
-25161
-24291
-23586
-23082
-22802
-22768
-22980
-23430
-24097
-24947
-25882
-26858
-27817
-28694
-29408
-29856
-29999
-29797
-29217
-28227
-26893
-25261
-23376
-21284
-19026
-16795
-14653
-12649
-10822
-9202
-7906
-6953
-6353
-6111
-6229
-6707
-7539
-8719
-10230
-12054
-14080
-16269
-18571
-20915
-23219
-25308
-27109
-28542
-29525
-29977
-29839
-29101
-27766
-25853
-23387
-20482
-17219
-13677
-9941
-6086
-2246
1505
5113
8529
11713
14641
17294
19668
21759
23572
25133
26452
27539
28405
29066
29543
29847
29987
29974
29819
29531
29120
28596
27967
27243
26437
25562
24627
23643
22615
21584
20558
19551
18571
17627
16769
16006
15344
14788
14346
14060
13930
13958
14143
14487
15008
15700
16554
17556
18693
19927
21237
22595
23966
25314
26572
27701
28656
29390
29853
29999
29797
29225
28265
26901
25171
23098
20708
18036
15115
12070
8950
5807
2682
-385
-3283
-5990
-8488
-10769
-12833
-14623
-16153
-17440
-18499
-19347
-19968
-20377
-20586
-20596
-20411
-20026
-19430
-18610
-17547
-16224
-14661
-12844
-10761
-8404
-5770
-2965
-11
3065
6232
9448
12536
15462
18189
20690
22934
24816
26357
27580
28514
29191
29622
29867
29977
29998
29967
29920
29884
29875
29895
29936
29981
29999
29951
29788
29451
28893
28062
26902
25362
23389
21031
18288
15170
11702
7920
3996
2
-3993
-7920
-11708
-15210
-18381
-21190
-23614
-25643
-27265
-28490
-29337
-29832
-29999
-29868
-29464
-28813
-27944
-26883
-25633
-24210
-22630
-20913
-19073
-17099
-15003
-12800
-10503
-8125
-5697
-3234
-756
1721
4185
6567
8853
11035
13101
15048
16792
18342
19709
20903
21938
22762
23400
23866
24176
24340
24331
24150
23789
23233
22464
21465
20209
18668
16811
14613
12151
9423
6440
3217
-215
-3660
-7070
-10403
-13608
-16642
-19336
-21685
-23693
-25376
-26751
-27797
-28569
-29116
-29485
-29722
-29860
-29932
-29967
-29979
-29979
-29971
-29950
-29907
-29828
-29695
-29510
-29267
-28955
-28568
-28094
-27592
-27073
-26549
-26032
-25528
-25119
-24819
-24641
-24586
-24659
-24885
-25260
-25764
-26375
-27063
-27774
-28468
-29094
-29599
-29920
-29992
-29776
-29238
-28343
-27060
-25443
-23518
-21314
-18862
-16195
-13475
-10753
-8078
-5485
-3003
-747
1267
3032
4543
5804
6794
7517
7979
8180
8125
7851
7353
6631
5680
4494
3157
1666
23
-1767
-3700
-5666
-7656
-9658
-11660
-13649
-15538
-17320
-18991
-20545
-21980
-23255
-24378
-25359
-26207
-26936
-27542
-28043
-28449
-28778
-29038
-29243
-29402
-29524
-29615
-29680
-29730
-29766
-29793
-29810
-29818
-29826
-29833
-29839
-29845
-29849
-29860
-29875
-29894
-29915
-29937
-29962
-29984
-29998
-29994
-29964
-29893
-29763
-29557
-29250
-28820
-28238
-27474
-26500
-25286
-23805
-22051
-20011
-17675
-15041
-12112
-8985
-5691
-2269
1239
4788
8216
11482
14548
17381
19960
22185
24071
25636
26905
27907
28647
29174
29532
29759
29893
29961
29989
29998
29999
29999
29998
29991
29971
29926
29840
29712
29534
29296
28990
28607
28184
27727
27246
26747
26234
25768
25360
25023
24763
24586
24518
24560
24709
24964
25317
25726
26183
26677
27194
27722
28202
28631
29007
29327
29589
29771
29890
29960
29993
29999
29992
29982
29980
29984
29994
29999
29981
29915
29765
29493
29064
28439
27573
26423
24945
23177
21110
18745
16085
13145
10084
6947
3777
612
-2513
-5433
-8131
-10591
-12813
-14796
-16486
-17902
-19064
-19992
-20704
-21215
-21538
-21681
-21651
-21443
-21102
-20621
-19989
-19200
-18238
-17181
-16027
-14771
-13411
-11940
-10473
-9013
-7567
-6139
-4734
-3445
-2280
-1242
-330
451
1046
1454
1678
1715
1568
1233
707
-11
-920
-2020
-3268
-4662
-6196
-7859
-9644
-11466
-13315
-15172
-17023
-18848
-20558
-22144
-23602
-24921
-26097
-27093
-27918
-28585
-29105
-29493
-29753
-29909
-29984
-29998
-29969
-29915
-29855
-29800
-29760
-29742
-29748
-29775
-29822
-29880
-29938
-29982
-29999
-29974
-29890
-29729
-29491
-29172
-28769
-28277
-27691
-27063
-26405
-25729
-25048
-24372
-23777
-23278
-22891
-22623
-22479
-22504
-22697
-23052
-23559
-24203
-24954
-25787
-26664
-27544
-28377
-29083
-29619
-29935
-29981
-29704
-29089
-28134
-26838
-25211
-23262
-21125
-18853
-16498
-14106
-11713
-9491
-7475
-5691
-4156
-2882
-1954
-1374
-1144
-1265
-1735
-2542
-3680
-5145
-6925
-9002
-11256
-13654
-16153
-18693
-21204
-23509
-25552
-27277
-28624
-29540
-29964
-29910
-29396
-28449
-27101
-25452
-23572
-21530
-19385
-17191
-15041
-12976
-11035
-9243
-7623
-6179
-4918
-3848
-2974
-2298
-1764
-1371
-1121
-1012
-1043
-1147
-1322
-1571
-1893
-2289
-2705
-3140
-3597
-4074
-4571
-5074
-5583
-6097
-6617
-7143
-7698
-8280
-8889
-9524
-10184
-10908
-11697
-12544
-13449
-14407
-15447
-16561
-17738
-18966
-20233
-21532
-22839
-24133
-25383
-26559
-27618
-28526
-29248
-29748
-29984
-29926
-29549
-28833
-27765
-26334
-24567
-22481
-20097
-17442
-14546
-11485
-8305
-5049
-1758
1525
4742
7853
10830
13644
16272
18704
20924
22917
24672
26181
27451
28472
29237
29740
29978
29949
29646
29063
28197
27048
25612
23890
21886
19614
17085
14328
11370
8238
4969
1597
-1795
-5174
-8490
-11702
-14768
-17608
-20192
-22500
-24512
-26217
-27588
-28635
-29373
-29820
-29994
-29924
-29637
-29166
-28543
-27793
-26945
-26021
-25043
-24035
-23014
-21986
-20969
-19972
-19009
-18086
-17184
-16303
-15452
-14631
-13843
-13054
-12264
-11474
-10685
-9900
-9087
-8247
-7378
-6483
-5558
-4606
-3623
-2610
-1568
-500
592
1706
2842
3996
5168
6319
7453
8565
9655
10723
11724
12660
13531
14341
15091
15744
16306
16778
17165
17468
17671
17777
17789
17708
17529
17255
16883
16409
15832
15145
14381
13536
12610
11596
10495
9366
8211
7029
5823
4594
3417
2295
1227
218
-733
-1557
-2257
-2831
-3280
-3605
-3780
-3803
-3680
-3406
-2980
-2398
-1660
-767
281
1488
2828
4295
5885
7589
9399
11264
13170
15101
17032
18946
20787
22534
24160
25642
26952
28049
28916
29538
29901
29996
29815
29361
28641
27664
26437
24999
23369
21572
19630
17566
15447
13297
11141
9002
6897
4892
3003
1236
-396
-1893
-3177
-4250
-5111
-5764
-6213
-6409
-6359
-6061
-5510
-4705
-3631
-2286
-669
1216
3363
5714
8247
10930
13718
16554
19285
21853
24193
26232
27902
29098
29801
29995
29678
28853
27588
25956
24025
21863
19531
17191
14913
12753
10755
8952
7439
6232
5343
4779
4543
4634
5052
5792
6853
8224
9815
11607
13575
15685
17897
20050
22104
24018
25749
27250
28418
29258
29779
29992
29913
29585
29070
28422
27693
26928
26216
25603
25124
24803
24655
24714
24977
25429
26045
26787
27587
28386
29110
29672
29975
29915
29413
28393
26783
24525
21673
18256
14323
9946
5216
382
-4429
-9098
-13505
-17547
-21043
-23958
-26277
-28011
-29182
-29821
-29998
-29791
-29276
-28522
-27610
-26601
-25556
-24523
-23545
-22638
-21829
-21139
-20583
-20173
-19878
-19699
-19640
-19699
-19878
-20122
-20430
-20799
-21227
-21709
-22191
-22674
-23155
-23634
-24109
-24540
-24931
-25281
-25597
-25879
-26100
-26264
-26375
-26433
-26443
-26382
-26248
-26038
-25746
-25363
-24857
-24211
-23411
-22435
-21263
-19863
-18210
-16284
-14067
-11549
-8741
-5651
-2298
1282
5043
8856
12646
16323
19785
22925
25576
27663
29118
29885
29925
29244
27896
25947
23475
20562
17393
14077
10715
7386
4156
1158
-1568
-4005
-6139
-7970
-9486
-10699
-11620
-12259
-12623
-12777
-12722
-12458
-11982
-11291
-10476
-9535
-8465
-7263
-5927
-4606
-3297
-2005
-733
517
1606
2533
3297
3900
4341
4535
4486
4190
3649
2856
1807
500
-1063
-2879
-4938
-7155
-9508
-11969
-14502
-17063
-19492
-21753
-23810
-25628
-27175
-28363
-29210
-29740
-29978
-29955
-29720
-29336
-28861
-28346
-27832
-27388
-27050
-26839
-26774
-26855
-27085
-27449
-27919
-28454
-29003
-29484
-29838
-29997
-29883
-29414
-28550
-27253
-25498
-23260
-20535
-17454
-14075
-10460
-6673
-2782
1000
4617
8020
11173
14054
16585
18776
20647
22224
23532
24589
25429
26080
26570
26919
27159
27303
27355
27321
27195
27007
26748
26411
25986
25464
24882
24235
23518
22727
21857
20963
20046
19108
18155
17188
16262
15383
14556
13785
13075
12466
11961
11565
11277
11098
11054
11139
11357
11708
12188
12802
13546
14414
15398
16489
17678
18948
20284
21659
23048
24415
25725
26940
28015
28906
29559
29930
29976
29653
28924
27771
26183
24157
21697
18817
15601
12104
8379
4492
508
-3431
-7266
-10933
-14376
-17549
-20367
-22813
-24881
-26575
-27907
-28880
-29529
-29890
-29999
-29896
-29617
-29199
-28678
-28084
-27446
-26778
-26096
-25419
-24759
-24133
-23509
-22893
-22290
-21703
-21137
-20543
-19919
-19263
-18576
-17856
-17051
-16158
-15172
-14090
-12906
-11586
-10125
-8521
-6771
-4875
-2842
-675
1611
4011
6502
9027
11559
14075
16539
18919
21137
23164
24973
26540
27841
28834
29523
29907
29993
29789
29318
28607
27683
26572
25305
23917
22441
20901
19323
17726
16146
14598
13098
11660
10295
8996
7767
6617
5547
4560
3626
2745
1919
1150
437
-258
-937
-1597
-2240
-2868
-3509
-4165
-4836
-5521
-6221
-6947
-7703
-8485
-9292
-10125
-10973
-11835
-12708
-13593
-14487
-15363
-16221
-17061
-17881
-18682
-19428
-20122
-20766
-21362
-21914
-22389
-22792
-23127
-23398
-23607
-23740
-23798
-23784
-23695
-23532
-23280
-22936
-22492
-21944
-21280
-20499
-19595
-18553
-17369
-16032
-14568
-12974
-11248
-9390
-7400
-5357
-3271
-1152
989
3146
5230
7233
9147
10968
12693
14240
15616
16828
17886
18799
19518
20056
20424
20627
20671
20530
20203
19681
18953
18001
16826
15410
13736
11790
9557
7112
4461
1617
-1397
-4554
-7687
-10755
-13723
-16552
-19204
-21536
-23546
-25247
-26650
-27772
-28597
-29175
-29560
-29796
-29925
-29981
-29997
-29999
-29999
-29999
-29988
-29948
-29842
-29626
-29243
-28647
-27778
-26576
-24980
-22930
-20465
-17580
-14280
-10589
-6544
-2344
1931
6196
10360
14333
17937
21117
23833
26059
27786
28995
29718
29994
29866
29382
28594
27552
26305
24900
23380
21766
20088
18377
16654
14943
13241
11559
9911
8308
6757
5275
3865
2536
1288
123
-914
-1824
-2607
-3262
-3791
-4125
-4265
-4210
-3962
-3520
-2822
-1864
-646
830
2564
4557
6794
9248
11885
14653
17433
20156
22740
25091
27105
28625
29602
29993
29768
28908
27489
25594
23309
20721
17909
15110
12419
9905
7625
5614
4002
2805
2031
1683
1761
2252
3154
4466
6176
8267
10564
13039
15636
18297
20940
23322
25401
27137
28491
29430
29907
29984
29730
29206
28477
27668
26866
26141
25547
25122
24918
24947
25206
25682
26339
27093
27891
28666
29340
29820
29999
29833
29281
28302
26865
25083
23015
20721
18256
15671
13204
10919
8867
7079
5578
4472
3771
3480
3600
4130
5046
6339
7998
10000
12314
14751
17262
19783
22239
24540
26480
28023
29139
29802
29997
29739
29100
28153
26966
25603
24201
22837
21572
20455
19525
18821
18363
18165
18226
18551
19058
19736
20571
21544
22630
23700
24741
25737
26672
27529
28234
28800
29238
29565
29790
29920
29981
29999
29993
29976
29964
29961
29969
29984
29998
29995
29963
29883
29734
29493
29155
28708
28140
27436
26586
25630
24575
23425
22189
20872
19531
18180
16833
15501
14192
12940
11753
10637
9601
8647
7762
6947
6204
5536
4941
4386
3874
3403
2974
2584
2211
1856
1517
1196
891
618
376
166
-11
-161
-253
-287
-264
-184
-46
204
566
1040
1626
2323
3180
4193
5363
6681
8145
9756
11504
13366
15324
17344
19365
21350
23255
25032
26629
27954
28977
29662
29980
29902
29428
28580
27383
25866
24059
22078
19981
17821
15646
13495
11493
9674
8061
6676
5527
4668
4105
3839
3871
4202
4841
5787
7032
8565
10368
12372
14543
16838
19202
21566
23789
25797
27511
28842
29700
29999
29701
28782
27227
25041
22315
19113
15518
11612
7483
3308
-819
-4822
-8631
-12191
-15403
-18249
-20729
-22848
-24626
-26062
-27197
-28071
-28724
-29195
-29517
-29726
-29852
-29925
-29961
-29976
-29981
-29975
-29956
-29915
-29835
-29696
-29472
-29129
-28630
-27946
-27037
-25863
-24385
-22566
-20409
-17897
-15026
-11800
-8238
-4444
-471
3614
7734
11800
15639
19166
22307
24986
27143
28694
29641
29995
29782
29038
27842
26274
24417
22345
20126
17886
15690
13593
11636
9851
8302
7009
5985
5235
4765
4580
4676
5057
5719
6662
7839
9243
10857
12665
14638
16683
18765
20839
22855
24756
26435
27845
28938
29668
29988
29864
29290
28263
26791
24885
22608
20002
17118
14004
10712
7328
3902
485
-2873
-6139
-9268
-12230
-14998
-17554
-19882
-21980
-23841
-25456
-26823
-27940
-28816
-29452
-29845
-29997
-29911
-29589
-29031
-28239
-27217
-25970
-24495
-22796
-20878
-18754
-16433
-13925
-11245
-8415
-5459
-2401
721
3877
7029
10139
13165
16053
18767
21265
23513
25474
27107
28392
29308
29846
29997
29761
29151
28181
26870
25242
23342
21204
18866
16363
13734
11032
8294
5552
2836
169
-2410
-4884
-7238
-9462
-11549
-13490
-15284
-16933
-18438
-19805
-21043
-22158
-23157
-24046
-24834
-25535
-26157
-26705
-27185
-27603
-27973
-28297
-28581
-28827
-29040
-29227
-29390
-29531
-29650
-29751
-29834
-29899
-29949
-29981
-29997
-29997
-29976
-29935
-29871
-29780
-29660
-29507
-29318
-29089
-28816
-28499
-28132
-27711
-27236
-26701
-26113
-25471
-24774
-24021
-23211
-22362
-21475
-20552
-19595
-18605
-17608
-16606
-15601
-14601
-13603
-12628
-11678
-10758
-9870
-9013
-8200
-7434
-6715
-6047
-5425
-4861
-4356
-3908
-3520
-3192
-2925
-2722
-2578
-2499
-2479
-2539
-2679
-2899
-3200
-3580
-4051
-4614
-5266
-6010
-6842
-7759
-8763
-9846
-11005
-12235
-13511
-14823
-16168
-17531
-18904
-20237
-21526
-22757
-23924
-25020
-25998
-26860
-27610
-28249
-28783
-29196
-29506
-29727
-29873
-29958
-29994
-29998
-29985
-29967
-29951
-29946
-29952
-29969
-29988
-29999
-29984
-29924
-29791
-29558
-29189
-28658
-27935
-26986
-25779
-24280
-22513
-20468
-18141
-15538
-12665
-9614
-6418
-3114
258
3660
6987
10198
13256
16127
18781
21180
23306
25146
26692
27940
28890
29545
29909
29994
29810
29362
28657
27700
26501
25072
23394
21473
19316
16935
14344
11536
8529
5349
2028
-1394
-4861
-8327
-11737
-15033
-18155
-21000
-23522
-25676
-27428
-28744
-29585
-29968
-29921
-29476
-28668
-27584
-26294
-24865
-23356
-21822
-20375
-19064
-17930
-16999
-16294
-15859
-15702
-15825
-16226
-16899
-17809
-18937
-20250
-21711
-23267
-24802
-26259
-27576
-28681
-29498
-29933
-29956
-29538
-28657
-27297
-25528
-23396
-20955
-18254
-15346
-12382
-9423
-6525
-3725
-1060
1394
3626
5623
7386
8917
10225
11320
12206
12893
13387
13734
13935
13994
13909
13682
13353
12922
12382
11735
10973
10122
9180
8145
7015
5787
4444
2986
1414
-267
-2054
-3979
-6033
-8197
-10454
-12782
-15175
-17592
-19983
-22288
-24437
-26350
-27946
-29140
-29843
-29973
-29465
-28290
-26428
-23885
-20681
-16975
-12873
-8482
-3917
707
5113
9215
12951
16282
19193
21580
23493
24991
26137
26991
27576
27946
28142
28182
28074
27821
27397
26765
25873
24663
23157
21312
19095
16477
13439
10190
6768
3223
-399
-4048
-7439
-10540
-13335
-15820
-18001
-19763
-21150
-22200
-22956
-23446
-23658
-23607
-23286
-22680
-21757
-20547
-19015
-17123
-14833
-12120
-9158
-5967
-2575
977
4648
8139
11408
14427
17172
19634
21661
23300
24597
25603
26361
26868
27164
27276
27213
26968
26537
25889
24980
23757
22162
20245
17978
15341
12319
8917
5363
1706
-1994
-5688
-9317
-12639
-15629
-18279
-20590
-22574
-24176
-25443
-26424
-27166
-27712
-28089
-28329
-28452
-28471
-28388
-28218
-27950
-27567
-27045
-26354
-25534
-24567
-23439
-22136
-20645
-19058
-17381
-15626
-13803
-11917
-10068
-8272
-6539
-4881
-3306
-1836
-474
776
1913
2937
3879
4745
5533
6243
6877
7497
8106
8699
9281
9851
10457
11101
11779
12492
13238
14031
14871
15751
16669
17620
18574
19527
20474
21411
22332
23190
23987
24724
25403
26026
26559
27011
27390
27705
27964
28150
28271
28333
28339
28291
28174
27983
27707
27333
26843
26216
25426
24448
23257
21823
20146
18205
15989
13485
10693
7684
4477
1106
-2390
-5967
-9483
-12883
-16112
-19117
-21849
-24201
-26157
-27708
-28854
-29600
-29953
-29967
-29698
-29200
-28525
-27756
-26955
-26171
-25450
-24826
-24355
-24057
-23947
-24027
-24296
-24735
-25326
-26039
-26837
-27672
-28457
-29144
-29667
-29961
-29952
-29590
-28850
-27711
-26161
-24193
-21924
-19409
-16700
-13848
-10903
-8059
-5366
-2859
-569
1491
3215
4597
5646
6362
6752
6802
6516
5888
4915
3591
1997
132
-2000
-4384
-7001
-9669
-12359
-15031
-17645
-20154
-22383
-24324
-25973
-27329
-28397
-29144
-29625
-29892
-29994
-29976
-29886
-29774
-29675
-29614
-29604
-29649
-29741
-29855
-29957
-29999
-29925
-29676
-29188
-28390
-27208
-25634
-23637
-21196
-18299
-14951
-11315
-7450
-3428
678
4796
8710
12361
15702
18702
21342
23539
25324
26737
27822
28626
29185
29552
29776
29902
29964
29989
29997
29999
29997
29989
29967
29918
29825
29667
29419
29081
28639
28079
27388
26552
25624
24611
23522
22364
21148
19966
18841
17789
16823
15954
15264
14761
14455
14346
14437
14751
15286
16032
16978
18107
19365
20727
22160
23627
25080
26421
27612
28610
29370
29848
29999
29822
29318
28495
27361
26000
24465
22804
21059
19270
17568
15996
14588
13369
12359
11628
11189
11045
11197
11647
12377
13377
14631
16114
17798
19575
21401
23226
24986
26611
27971
29020
29710
29994
29831
29215
28167
26714
24887
22721
20341
17814
15202
12557
9927
7406
5029
2819
799
-1023
-2644
-4062
-5275
-6286
-7095
-7762
-8289
-8675
-8925
-9040
-9101
-9109
-9068
-8974
-8826
-8713
-8633
-8589
-8578
-8600
-8719
-8933
-9243
-9647
-10144
-10761
-11498
-12348
-13307
-14369
-15521
-16754
-18055
-19406
-20791
-22169
-23520
-24818
-26038
-27150
-28113
-28900
-29492
-29865
-29999
-29877
-29491
-28838
-27916
-26724
-25288
-23620
-21737
-19657
-17402
-15018
-12531
-9965
-7347
-4699
-2071
514
3043
5493
7853
10092
12201
14174
16008
17703
19248
20647
21908
23035
24037
24918
25688
26357
26934
27428
27850
28209
28511
28764
28973
29150
29300
29424
29527
29611
29685
29749
29804
29851
29892
29926
29956
29979
29994
29999
29993
29972
29931
29866
29773
29643
29471
29246
28963
28612
28186
27679
27082
26387
25586
24698
23720
22654
21497
20252
18957
17617
16238
14826
13387
11985
10629
9328
8087
6911
5860
4935
4142
3480
2951
2581
2369
2315
2415
2676
3068
3594
4253
5043
5962
6950
8009
9130
10314
11554
12761
13935
15076
16180
17247
18203
19053
19805
20461
21031
21473
21796
22006
22105
22098
21979
21747
21397
20924
20318
19614
18805
17883
16845
15680
14482
13253
11993
10707
9396
8186
7084
6097
5227
4475
3948
3646
3571
3719
4097
4736
5637
6797
8202
9846
11668
13646
15749
17934
20152
22268
24237
26005
27519
28722
29533
29944
29954
29566
28787
27679
26295
24688
22908
21000
19060
17137
15271
13498
11843
10306
8903
7645
6542
5595
4734
3957
3268
2667
2155
1629
1089
534
-34
-618
-1293
-2060
-2917
-3862
-4898
-6030
-7252
-8562
-9951
-11416
-12896
-14386
-15879
-17362
-18828
-20177
-21415
-22541
-23563
-24482
-25235
-25843
-26321
-26688
-26955
-27091
-27107
-27006
-26778
-26411
-25877
-25152
-24201
-22987
-21471
-19679
-17589
-15185
-12456
-9401
-6184
-2839
595
4074
7550
10812
13831
16585
19062
21257
23089
24591
25802
26760
27503
28051
28441
28704
28865
28940
28952
28903
28787
28595
28312
27965
27546
27042
26444
25740
25007
24252
23484
22708
21930
21255
20698
20269
19977
19824
19869
20112
20545
21160
21940
22859
23891
24998
26133
27243
28236
29060
29657
29969
29931
29505
28674
27426
25756
23667
21259
18583
15688
12628
9451
6297
3217
253
-2564
-5216
-7645
-9846
-11816
-13562
-15091
-16414
-17547
-18502
-19287
-19916
-20424
-20814
-21094
-21267
-21338
-21340
-21273
-21137
-20930
-20649
-20324
-19949
-19525
-19046
-18513
-17941
-17332
-16681
-15989
-15251
-14480
-13672
-12828
-11948
-11029
-10068
-9062
-8014
-6922
-5787
-4594
-3346
-2043
-687
721
2203
3757
5377
7056
8787
10578
12419
14293
16183
18066
19934
21759
23504
25131
26600
27867
28883
29599
29962
29926
29448
28494
27040
25071
22581
19632
16260
12520
8479
4210
-106
-4381
-8529
-12468
-16129
-19356
-22129
-24445
-26316
-27763
-28786
-29451
-29828
-29984
-29981
-29878
-29734
-29593
-29490
-29443
-29462
-29545
-29675
-29823
-29949
-29999
-29924
-29668
-29168
-28361
-27237
-25773
-23947
-21749
-19170
-16356
-13351
-10201
-6950
-3643
-454
2575
5422
8061
10484
12636
14522
16156
17549
18722
19725
20569
21267
21829
22266
22665
23026
23353
23646
23907
24223
24591
25005
25459
25946
26505
27116
27752
28380
28963
29463
29827
29994
29902
29482
28693
27502
25879
23805
21267
18406
15276
11935
8440
4847
1408
-1821
-4808
-7525
-9965
-11993
-13628
-14896
-15815
-16407
-16654
-16568
-16144
-15370
-14228
-12761
-10951
-8782
-6241
-3326
-232
3011
6364
9777
13188
16342
19204
21749
23958
25823
27261
28328
29078
29568
29851
29976
29998
29966
29916
29875
29856
29864
29897
29944
29987
29999
29964
29866
29685
29400
29038
28610
28124
27588
27012
26486
26036
25681
25434
25303
25343
25553
25923
26431
27048
27724
28412
29056
29586
29924
29986
29721
29079
28012
26477
24550
22264
19659
16778
13667
10540
7467
4497
1678
-963
-3303
-5332
-7048
-8457
-9568
-10363
-10852
-11040
-10933
-10524
-9886
-9010
-7890
-6519
-4892
-3143
-1270
718
2817
5012
7155
9235
11242
13170
15013
16690
18205
19568
20782
21861
22794
23594
24274
24844
25314
25713
26049
26327
26551
26726
26883
27026
27153
27267
27368
27476
27593
27716
27845
27980
28120
28263
28410
28559
28709
28840
28954
29052
29138
29210
29248
29255
29232
29177
29085
28929
28694
28361
27907
27303
26504
25468
24153
22515
20511
18158
15437
12346
8892
5102
1155
-2885
-6945
-10943
-14793
-18249
-21273
-23843
-25949
-27594
-28739
-29467
-29860
-29996
-29950
-29799
-29618
-29459
-29362
-29345
-29410
-29544
-29718
-29888
-29992
-29959
-29725
-29223
-28379
-27117
-25484
-23477
-21106
-18386
-15339
-12217
-9093
-6024
-3060
-238
2226
4321
6047
7403
8401
8983
9152
8917
8269
7202
5781
3999
1853
-652
-3503
-6483
-9552
-12662
-15754
-18758
-21427
-23742
-25688
-27265
-28473
-29276
-29748
-29964
-29992
-29892
-29734
-29577
-29462
-29415
-29446
-29548
-29700
-29863
-29980
-29977
-29780
-29316
-28509
-27282
-25556
-23383
-20764
-17712
-14255
-10430
-6480
-2487
1469
5321
9007
12353
15341
17962
20228
22158
23752
25046
26080
26891
27514
27997
28363
28631
28819
28940
29026
29080
29104
29101
29070
29031
28984
28929
28865
28791
28721
28654
28592
28533
28479
28425
28368
28310
28249
28187
28099
27985
27842
27667
27458
27179
26820
26372
25823
25156
24334
23335
22135
20712
19044
17125
14941
12484
9753
6752
3582
278
-3125
-6584
-10043
-13325
-16390
-19202
-21729
-23945
-25759
-27197
-28292
-29080
-29600
-29883
-29992
-29981
-29901
-29790
-29688
-29621
-29602
-29635
-29715
-29821
-29925
-29993
-29976
-29821
-29476
-28889
-28007
-26773
-25135
-23114
-20702
-17895
-14708
-11163
-7400
-3480
529
4557
8532
12306
15820
19020
21861
24307
26315
27878
29001
29698
29987
29895
29452
28691
27650
26364
24860
23168
21318
19341
17264
15088
12831
10513
8156
5776
3360
925
-1511
-3937
-6336
-8732
-11106
-13441
-15712
-17900
-20000
-21984
-23824
-25484
-26934
-28145
-29079
-29704
-29986
-29894
-29405
-28500
-27170
-25411
-23224
-20652
-17726
-14487
-10981
-7258
-3440
405
4216
7931
11493
14781
17763
20420
22736
24711
26312
27570
28521
29200
29647
29897
29994
29980
29893
29765
29626
29497
29396
29333
29316
29337
29393
29480
29589
29711
29822
29913
29976
29999
29972
29890
29752
29558
29307
28998
28652
28275
27874
27455
27027
26601
26185
25783
25400
25041
24693
24355
24030
23720
23427
23102
22744
22351
21922
21453
20882
20201
19404
18481
17424
16178
14731
13072
11192
9084
6749
4190
1420
-1542
-4671
-7842
-11013
-14133
-17149
-19998
-22528
-24712
-26531
-27971
-29027
-29675
-29968
-29961
-29711
-29267
-28716
-28127
-27553
-27043
-26632
-26371
-26277
-26354
-26600
-26998
-27500
-28070
-28663
-29223
-29682
-29950
-29977
-29706
-29079
-28042
-26615
-24805
-22625
-20092
-17233
-14207
-11075
-7890
-4705
-1563
1411
4193
6763
9109
11226
13111
14768
16212
17449
18497
19411
20201
20876
21443
21908
22345
22757
23142
23504
23843
24221
24636
25080
25549
26038
26574
27141
27720
28289
28822
29297
29676
29924
29998
29855
29457
28769
27755
26386
24636
22528
20069
17274
14161
10763
7191
3497
-261
-4025
-7736
-11291
-14636
-17726
-20524
-22999
-25099
-26818
-28157
-29123
-29727
-29985
-29923
-29563
-28934
-28064
-26977
-25700
-24257
-22676
-20979
-19182
-17301
-15361
-13374
-11360
-9333
-7308
-5298
-3314
-1368
520
2346
4102
5784
7389
8889
10284
11575
12764
13851
14816
15666
16405
17037
17568
17987
18299
18506
18610
18614
18526
18344
18068
17694
17217
16659
16015
15284
14460
13539
12570
11554
10486
9371
8205
7054
5919
4805
3711
2639
1649
744
-74
-807
-1457
-1985
-2395
-2685
-2856
-2911
-2833
-2624
-2283
-1810
-1204
-477
373
1345
2438
3651
4955
6345
7814
9357
10965
12599
14253
15911
17561
19191
20770
22286
23720
25054
26271
27346
28260
28998
29544
29883
29999
29882
29520
28903
28026
26887
25485
23826
21912
19755
17388
14833
12115
9257
6288
3288
290
-2679
-5589
-8415
-11051
-13485
-15710
-17726
-19538
-21086
-22395
-23486
-24383
-25110
-25651
-26029
-26261
-26360
-26330
-26161
-25846
-25366
-24702
-23826
-22738
-21413
-19822
-17939
-15739
-13294
-10607
-7690
-4557
-1236
2097
5402
8639
11766
14748
17435
19820
21906
23700
25219
26433
27384
28114
28658
29054
29328
29508
29621
29682
29701
29692
29652
29576
29455
29276
29049
28769
28426
28012
27516
26996
26457
25907
25352
24798
24326
23947
23672
23508
23455
23561
23820
24225
24761
25409
26140
26922
27717
28476
29146
29651
29946
29976
29693
29042
28017
26609
24821
22656
20124
17349
14379
11267
8061
4808
1643
-1388
-4262
-6950
-9443
-11694
-13708
-15491
-17051
-18404
-19570
-20564
-21399
-22086
-22638
-23098
-23471
-23766
-23984
-24129
-24247
-24338
-24404
-24443
-24458
-24489
-24535
-24596
-24673
-24766
-24900
-25075
-25289
-25540
-25824
-26152
-26520
-26919
-27340
-27772
-28209
-28634
-29035
-29391
-29684
-29891
-29993
-29966
-29787
-29434
-28890
-28141
-27170
-25967
-24520
-22837
-20918
-18765
-16388
-13798
-11051
-8172
-5190
-2135
966
4025
7012
9900
12660
15269
17666
19841
21792
23515
25013
26274
27315
28152
28806
29295
29637
29855
29969
29999
29963
29878
29756
29610
29452
29292
29129
28970
28820
28684
28563
28450
28350
28261
28186
28125
28072
28028
27994
27969
27953
27956
27976
28013
28067
28139
28239
28366
28515
28685
28868
29069
29278
29484
29674
29834
29949
29999
29964
29825
29558
29150
28588
27857
26943
25834
24581
23195
21689
20073
18360
16674
15038
13477
12009
10648
9519
8633
7998
7620
7500
7692
8197
9010
10122
11520
13155
15001
17018
19157
21352
23432
25338
27008
28374
29365
29897
29976
29618
28842
27675
26241
24629
22915
21170
19448
17907
16597
15558
14813
14381
14288
14533
15110
16011
17209
18605
20160
21829
23552
25256
26772
28050
29044
29707
29992
29875
29394
28591
27505
26179
24761
23329
21948
20671
19540
18664
18073
17784
17807
18141
18760
19647
20772
22096
23563
25029
26437
27718
28792
29573
29960
29928
29457
28536
27156
25425
23407
21170
18774
16277
13846
11541
9404
7472
5767
4372
3297
2550
2132
2043
2249
2754
3551
4643
6021
7572
9287
11147
13132
15217
17255
19224
21102
22866
24494
25892
27068
28029
28785
29346
29716
29924
29998
29964
29848
29678
29476
29264
29062
28882
28733
28621
28555
28534
28562
28622
28715
28835
28979
29140
29300
29454
29598
29729
29839
29922
29975
29998
29992
29954
29890
29802
29696
29572
29435
29297
29161
29035
28922
28823
28754
28718
28716
28746
28809
28914
29053
29219
29402
29587
29760
29902
29987
29987
29872
29606
29153
28475
27531
26282
24702
22768
20457
17759
14673
11261
7558
3614
-508
-4736
-8895
-12896
-16654
