-12435
-12138
-11708
-11141
-10435
-9587
-8592
-7558
-6485
-5374
-4224
-3037
-1933
-914
20
868
1629
2208
2607
2828
2868
2731
2369
1784
974
-60
-1322
-2803
-4494
-6390
-8471
-10718
-13051
-15440
-17837
-20199
-22466
-24525
-26328
-27826
-28968
-29707
-29995
-29824
-29190
-28098
-26559
-24624
-22336
-19740
-16885
-13821
-10629
-7367
-4083
-822
2375
5476
8448
11267
13909
16363
18630
20698
22559
24208
25643
26873
27896
28712
29325
29739
29958
29989
29841
29523
29041
28422
27684
26844
25923
24934
23928
22928
21953
21021
20141
19376
18736
18233
17874
17664
17634
17782
18109
18610
19274
20084
21025
22074
23208
24392
25564
26688
27722
28621
29336
29804
29996
29885
29448
28663
27559
26155
24475
22545
20392
18130
15807
13464
11139
8859
6737
4796
3054
1519
201
-865
-1680
-2243
-2556
-2619
-2441
-2020
-1354
-442
713
2069
3623
5369
7294
9382
11551
13777
16030
18275
20472
22530
24414
26084
27506
28641
29440
29892
29990
29734
29124
28188
26956
25458
23727
21794
19731
17580
15378
13158
10946
8807
6763
4833
3032
1368
-123
-1443
-2584
-3551
-4344
-4952
-5377
-5623
-5688
-5575
-5292
-4836
-4204
-3398
-2413
-1276
14
1457
3048
4782
6614
8534
10527
12576
14658
16716
18727
20664
22502
24210
25738
27066
28170
29031
29630
29947
29976
29710
29148
28292
27149
25732
24054
22131
19979
17624
15091
12401
9585
6667
3683
658
-2372
-5383
-8341
-11218
-13989
-16620
-19086
-21358
-23411
-25219
-26764
-28024
-28985
-29633
-29959
-29957
-29627
-28969
-27994
-26713
-25139
-23293
-21194
-18875
-16363
-13690
-10884
-7976
-4997
-1982
1037
4034
6976
9832
12578
15190
17643
19916
21988
23843
25467
26851
27989
28870
29496
29870
29999
29890
29557
29015
28282
27375
26312
25138
23881
22566
21217
19850
18520
17245
16044
14931
13917
13034
12288
11686
11234
10935
10785
10782
10927
11218
11657
12204
12854
13605
14452
15390
16344
17311
18286
19263
20239
21150
21996
22783
23511
24183
24763
25260
25681
26032
26320
26535
26682
26766
26788
26749
26656
26505
26294
26016
25667
25266
24808
24289
23704
23048
22368
21663
20936
20186
19415
18688
18013
17393
16833
16337
15967
15724
15614
15636
15790
16107
16582
17209
17981
18886
19912
21043
22253
23513
24787
26018
27164
28183
29023
29635
29957
29956
29600
28860
27712
26182
24286
22047
19492
16652
13657
10562
7417
4270
1161
-1790
-4560
-7126
-9480
-11617
-13485
-15093
-16457
-17592
-18513
-19219
-19725
-20039
-20169
-20120
-19912
-19542
-19002
-18284
-17372
-16321
-15118
-13759
-12235
-10540
-8801
-7023
-5210
-3372
-1511
224
1833
3308
4651
5860
6830
7564
8067
8341
8390
8169
7673
6900
5843
4497
2899
1046
-1058
-3403
-5970
-8633
-11360
-14113
-16842
-19496
-21902
-24034
-25867
-27382
-28563
-29362
-29824
-29995
-29923
-29650
-29252
-28793
-28326
-27898
-27543
-27310
-27218
-27271
-27467
-27792
-28203
-28665
-29137
-29562
-29875
-29999
-29886
-29483
-28740
-27607
-26123
-24299
-22152
-19705
-16982
-14164
-11307
-8459
-5669
-2965
-497
1715
3666
5346
6760
7873
8691
9221
9467
9432
9155
8633
7865
6842
5558
4111
2499
721
-1213
-3300
-5408
-7525
-9641
-11740
-13808
-15741
-17538
-19197
-20716
-22100
-23309
-24358
-25260
-26028
-26676
-27215
-27660
-28022
-28313
-28543
-28730
-28883
-29004
-29097
-29166
-29228
-29282
-29330
-29371
-29408
-29452
-29502
-29557
-29617
-29678
-29745
-29814
-29879
-29936
-29978
-29999
-29988
-29938
-29837
-29675
-29439
-29120
-28704
-28180
-27535
-26766
-25863
-24819
-23627
-22278
-20778
-19129
-17327
-15378
-13284
-11067
-8735
-6303
-3783
-1190
1446
4105
6766
9404
11998
14510
16914
19186
21302
23237
24953
26436
27674
28655
29373
29816
29994
29921
29610
29079
28362
27488
26488
25388
24213
23024
21851
20716
19644
18650
17779
17044
16457
16025
15751
15639
15688
15898
16267
16790
17414
18134
18944
19832
20789
21743
22687
23616
24520
25391
26167
26854
27455
27979
28427
28782
29058
29268
29424
29539
29611
29649
29658
29639
29590
29508
29388
29217
28984
28674
28294
27838
27292
26650
25898
25097
24253
23374
22466
21532
20673
19906
19244
18695
18268
18038
18013
18189
18567
19138
19899
20835
21918
23116
24388
25649
26854
27947
28871
29561
29935
29971
29642
28931
27821
26382
24659
22695
20537
18226
15918
13667
11520
9510
7664
6069
4736
3677
2896
2398
2152
2152
2404
2905
3657
4549
5578
6740
8031
9445
10833
12196
13529
14828
16092
17212
18196
19051
19785
20407
20874
21198
21385
21437
21356
21150
20810
20335
19714
18937
18066
17092
16013
14821
13513
12199
10882
9565
8255
6953
5770
4711
3780
2980
2309
1833
1548
1457
1554
1847
2298
2905
3672
4591
5666
6799
7992
9237
10532
11872
13145
14354
15496
16575
17592
18472
19226
19858
20379
20793
21079
21243
21286
21208
21010
20704
20286
19748
19086
18290
17416
16462
15425
14300
13085
11872
10664
9467
8283
7115
6052
5097
4250
3517
2896
2433
2123
1971
1971
2129
2427
2865
3443
4159
5015
5944
6947
8020
9158
10357
11533
12685
13810
14908
15979
16952
17833
18625
19334
19962
20476
20885
21190
21399
21514
21528
21441
21253
20961
20560
20063
19463
18756
17934
16990
15957
14831
13611
12293
10876
9410
7895
6336
4736
3100
1474
-138
-1732
-3306
-4853
-6336
-7753
-9104
-10384
-11599
-12732
-13785
-14761
-15661
-16489
-17250
-17946
-18580
-19155
-19672
-20148
-20586
-20986
-21350
-21681
-22000
-22309
-22608
-22896
-23177
-23469
-23775
-24090
-24415
-24748
-25110
-25498
-25905
-26330
-26765
-27219
-27683
-28144
-28588
-29001
-29370
-29674
-29890
-29994
-29959
-29760
-29370
-28765
-27919
-26807
-25431
-23780
-21851
-19644
-17165
-14482
-11620
-8611
-5485
-2275
905
4022
7043
9938
12685
15210
17505
19568
21403
23015
24397
25567
26543
27347
27998
28522
28937
29258
29500
29678
29808
29899
29959
29989
29999
29990
29963
29919
29856
29775
29670
29535
29366
29159
28910
28609
28248
27822
27323
26743
26093
25371
24573
23697
22742
21753
20735
19694
18637
17566
16554
15606
14733
13940
13233
12662
12230
11940
11795
11795
11946
12246
12693
13284
14016
14823
15702
16647
17650
18702
19720
20702
21645
22547
23407
24162
24821
25394
25886
26308
26632
26871
27032
27120
27139
27084
26956
26747
26451
26059
25595
25053
24424
23699
22868
22000
21096
20158
19191
18194
17269
16424
15668
15008
14450
14075
13886
13886
14072
14447
15028
15807
16773
17909
19195
20571
22006
23468
24911
26288
27504
28521
29303
29807
29999
29850
29369
28563
27444
26029
24405
22621
20721
18747
16735
14798
12971
11283
9756
8407
7283
6393
5742
5335
5174
5244
5550
6089
6858
7853
9016
10336
11803
13403
15118
16852
18587
20301
21969
23566
25010
26290
27393
28314
29041
29550
29861
29992
29964
29798
29529
29188
28805
28407
28018
27673
27390
27185
27067
27041
27102
27251
27478
27775
28128
28492
28857
29202
29512
29763
29927
29997
29968
29836
29597
29276
28889
28456
27993
27512
27080
26715
26436
26254
26178
26238
26433
26755
27182
27692
28246
28802
29312
29721
29963
29971
29700
29108
28152
26794
25096
23078
20768
18198
15403
12578
9785
7073
4480
2034
-106
-1928
-3428
-4606
-5465
-5956
-6086
-5854
-5261
-4298
-3023
-1428
480
2699
5213
7856
10597
13398
16205
18960
21465
23690
25610
27202
28448
29299
29798
29993
29928
29653
29234
28733
28206
27695
27240
26875
26622
26493
26496
26632
26860
27170
27550
27980
28438
28860
29236
29552
29794
29949
29999
29956
29830
29628
29361
29063
28756
28458
28187
27952
27784
27690
27676
27739
27881
28084
28339
28633
28948
29264
29545
29774
29931
29998
29954
29786
29491
29064
28501
27799
26991
26087
25102
24046
22928
21798
20671
19560
18479
17437
16453
15533
14686
13917
13230
12604
12043
11549
11122
10766
10435
10130
9848
9593
9360
9109
8837
8543
8227
7890
7478
6992
6432
5795
5083
4267
3346
2321
1190
-46
-1388
-2836
-4386
-6033
-7764
-9560
-11408
-13294
-15202
-17111
-18978
-20780
-22498
-24104
-25574
-26866
-27961
-28838
-29481
-29873
-29999
-29859
-29452
-28784
-27860
-26710
-25355
-23819
-22121
-20286
-18379
-16428
-14462
-12502
-10567
-8735
-7021
-5436
-3993
-2699
-1597
-690
20
534
853
954
839
508
-40
-807
-1778
-2951
-4321
-5882
-7628
-9486
-11439
-13472
-15555
-17661
-19670
-21564
-23318
-24914
-26330
-27496
-28424
-29125
-29610
-29897
-29997
-29955
-29812
-29599
-29351
-29117
-28927
-28803
-28759
-28797
-28922
-29121
-29368
-29627
-29852
-29984
-29969
-29746
-29249
-28409
-27213
-25634
-23655
-21263
-18458
-15413
-12183
-8826
-5397
-1948
1285
4265
6970
9388
11520
13256
14618
15631
16313
16681
16719
16433
15815
14848
13511
11869
9908
7612
4977
2008
-1089
-4284
-7536
-10798
-14016
-16947
-19575
-21888
-23886
-25573
-26874
-27851
-28562
-29061
-29397
-29598
-29707
-29750
-29742
-29678
-29545
-29312
-28936
-28360
-27516
-26390
-24931
-23091
-20829
-18111
-15078
-11756
-8186
-4415
-500
3323
6995
10465
13693
16647
19228
21445
23316
24870
26136
27137
27913
28500
28932
29243
29471
29634
29747
29822
29870
29907
29934
29955
29969
29979
29989
29997
29999
29994
29978
29946
29887
29792
29651
29452
29188
28851
28428
27912
27289
26595
25834
25010
24126
23186
22278
21419
20623
19901
19263
18799
18515
18417
18506
18783
19270
19955
20823
21847
22999
24213
25449
26656
27777
28745
29465
29895
29989
29710
29018
27940
26498
24722
22644
20296
17833
15314
12795
10320
7926
5736
3777
2063
606
-589
-1502
-2138
-2493
-2570
-2369
-1931
-1253
-333
825
2223
3780
5488
7336
9312
11395
13488
15572
17627
19625
21540
23306
24906
26320
27529
28516
29256
29745
29977
29954
29676
29147
28373
27364
26127
24676
23021
21174
19151
16968
14643
12201
9663
7048
4381
1680
-991
-3617
-6179
-8655
-11035
-13253
-15306
-17191
-18908
-20461
-21808
-22965
-23949
-24777
-25467
-26003
-26407
-26690
-26868
-26947
-26919
-26783
-26532
-26155
-25636
-24967
-24126
-23089
-21829
-20322
-18592
-16623
-14409
-11943
-9226
-6362
-3369
-276
2885
6080
9174
12138
14938
17552
19955
22078
23921
25490
26794
27849
28658
29250
29652
29890
29992
29980
29880
29709
29489
29236
28952
28647
28328
28003
27679
27333
26965
26574
26162
25729
25238
24683
24059
23362
22585
21689
20662
19496
18180
16707
15056
13220
11195
8980
6575
4002
1276
-1586
-4557
-7606
-10656
-13664
-16585
-19363
-21944
-24240
-26207
-27803
-28988
-29729
-29998
-29793
-29120
-27990
-26423
-24470
-22177
-19592
-16764
-13744
-10615
-7434
-4244
-1092
1988
4938
7734
10357
12795
15038
17077
18917
20560
22016
23295
24412
25380
26212
26919
27514
28022
28450
28807
29100
29338
29535
29692
29814
29902
29961
29994
29998
29973
29919
29834
29714
29555
29354
29107
28810
28461
28056
27591
27062
26466
25815
25108
24346
23530
22661
21770
20864
19947
19024
18100
17221
16393
15621
14911
14265
13721
13282
12948
12724
12610
12610
12722
12948
13287
13736
14270
14888
15584
16356
17198
18057
18928
19811
20698
21586
22426
23219
23965
24663
25315
25899
26420
26881
27290
27649
27959
28224
28449
28640
28800
28944
29077
29196
29305
29403
29503
29604
29701
29791
29872
29940
29987
29998
29958
29851
29653
29337
28876
28240
27396
26323
24991
23378
21461
19224
16724
13973
10989
7798
4429
1043
-2318
-5614
-8807
-11859
-14626
-17104
-19292
-21202
-22848
-24186
-25255
-26093
-26735
-27210
-27522
-27694
-27738
-27660
-27451
-27105
-26600
-25907
-24988
-23803
-22356
-20619
-18560
-16158
-13395
-10374
-7112
-3646
-11
3740
7428
10994
14384
17545
20432
22930
25032
26741
28068
29030
29638
29941
29989
29834
29519
29101
28629
28145
27682
27270
26938
26703
26578
26567
26672
26879
27180
27559
27996
28466
28924
29341
29685
29918
29999
29890
29562
28987
28139
26991
25561
23848
21859
19601
17087
14391
11546
8581
5533
2433
-644
-3666
-6606
-9434
-12130
-14668
-17032
-19211
-21192
-22973
-24568
-25970
-27171
-28165
-28946
-29523
-29879
-29999
-29872
-29484
-28813
-27841
-26545
-24918
-22947
-20621
-17941
-14918
-11575
-7942
-4102
-112
3960
8036
12032
15768
19175
22191
24764
26854
28385
29389
29903
29978
29665
29050
28225
27271
26259
25250
24343
23586
23015
22657
22526
22623
22943
23473
24191
25062
26002
26966
27901
28746
29430
29860
29999
29812
29265
28331
27061
25492
23660
21605
19363
17092
14848
12680
10624
8710
7034
5614
4463
3588
2994
2653
2564
2728
3143
3811
4617
5561
6636
7842
9171
10465
11721
12940
14118
15256
16224
17030
17685
18194
18565
18718
18657
18381
17883
17156
16178
14933
13406
11575
9429
7021
4353
1434
-1709
-5049
-8415
-11761
-15026
-18146
-21053
-23593
-25734
-27454
-28737
-29575
-29961
-29939
-29558
-28866
-27913
-26782
-25535
-24230
-22915
-21633
-20432
-19341
-18386
-17584
-16952
-16475
-16156
-16003
-16013
-16190
-16479
-16878
-17383
-17990
-18693
-19428
-20190
-20977
-21780
-22595
-23369
-24104
-24798
-25452
-26063
-26603
-27077
-27491
-27851
-28162
-28412
-28612
-28765
-28879
-28958
-28997
-28997
-28960
-28882
-28760
-28581
-28338
-28016
-27603
-27082
-26428
-25621
-24637
-23453
-22047
-20407
-18515
-16359
-13930
-11226
-8291
-5142
-1807
1675
5264
8842
12351
15724
18897
21800
24319
26416
28053
29204
29850
29986
29633
28822
27592
25982
24069
21914
19573
17099
14543
11980
9451
6990
4626
2381
287
-1643
-3406
-4994
-6412
-7656
-8732
-9644
-10395
-10989
-11434
-11735
-11893
-11909
-11784
-11525
-11125
-10583
-9897
-9062
-8084
-6956
-5680
-4250
-2667
-948
902
2882
4977
7177
9437
11740
14057
16363
18625
20776
22787
24619
26241
27616
28696
29462
29897
29989
29729
29121
28180
26922
25370
23543
21489
19239
16828
14288
11650
8952
6224
3491
782
-1882
-4515
-7098
-9614
-12043
-14369
-16616
-18763
-20789
-22671
-24385
-25931
-27278
-28391
-29236
-29782
-29997
-29848
-29306
-28346
-26948
-25121
-22870
-20216
-17181
-13803
-10193
-6415
-2536
1377
5258
8947
12395
15562
18424
20963
23107
24882
26317
27448
28315
28938
29369
29650
29823
29919
29968
29988
29995
29997
29994
29985
29964
29922
29844
29715
29537
29302
29004
28635
28189
27707
27198
26672
26136
25597
25116
24704
24373
24129
23979
23937
24004
24181
24462
24841
25280
25773
26305
26865
27438
27963
28436
28854
29212
29507
29717
29859
29943
29987
29999
29994
29984
29980
29984
29994
29999
29984
29921
29776
29507
29076
28437
27541
26338
24779
22902
20698
18165
15309
12146
8862
5507
2132
-1219
-4506
-7545
-10314
-12805
-15018
-16961
-18580
-19901
-20953
-21759
-22341
-22721
-22910
-22913
-22732
-22360
-21843
-21170
-20326
-19298
-18070
-16733
-15281
-13713
-12027
-10225
-8423
-6631
-4858
-3111
-1397
215
1721
3120
4406
5583
6645
7595
8432
9160
9783
10360
10892
11381
11827
12230
12670
13147
13662
14212
14796
15466
16221
17054
17957
18924
19949
21021
22123
23240
24355
25400
26365
27241
28017
28681
29192
29566
29815
29955
29999
29968
29892
29797
29703
29626
29592
29606
29666
29761
29869
29961
29999
29937
29721
29291
28606
27622
26294
24581
22448
19994
17243
14225
10976
7534
4125
805
-2384
-5405
-8236
-10734
-12903
-14758
-16313
-17589
-18580
-19309
-19794
-20046
-20071
-19919
-19586
-19064
-18344
-17414
-16388
-15259
-14024
-12680
-11224
-9832
-8510
-7263
-6100
-5023
-4185
-3588
-3237
-3131
-3268
-3708
-4449
-5491
-6822
-8434
-10268
-12301
-14497
-16816
-19202
-21483
-23612
-25532
-27186
-28513
-29416
-29901
-29981
-29674
-29000
-28045
-26879
-25574
-24189
-22777
-21445
-20239
-19202
-18358
-17731
-17322
-17142
-17188
-17465
-17967
-18603
-19365
-20241
-21217
-22272
-23291
-24267
-25192
-26061
-26864
-27539
-28098
-28556
-28924
-29215
-29425
-29571
-29669
-29729
-29759
-29763
-29743
-29694
-29609
-29477
-29296
-29052
-28734
-28323
-27803
-27194
-26493
-25693
-24789
-23777
-22710
-21598
-20444
-19261
-18052
-16866
-15715
-14606
-13546
-12544
-11591
-10688
-9843
-9054
-8324
-7612
-6914
-6232
-5566
-4918
-4230
-3503
-2734
-1925
-1075
-152
845
1916
3060
4273
5538
6853
8213
9614
11051
12471
13871
15246
16592
17904
19113
20220
21233
22152
22985
23683
24257
24719
25078
25343
25488
25519
25435
25235
24911
24448
23833
23044
22065
20868
19461
17826
15945
13805
11397
8801
6027
3094
25
-3148
-6283
-9344
-12298
-15113
-17756
-20120
-22200
-24001
-25529
-26798
-27792
-28547
-29099
-29486
-29740
-29887
-29961
-29992
-29999
-29999
-29999
-29999
-29994
-29968
-29900
-29763
-29527
-29151
-28595
-27811
-26783
-25474
-23855
-21896
-19577
-16956
-14047
-10871
-7456
-3839
-184
3457
7032
10486
13777
16773
19457
21818
23852
25565
26937
28000
28793
29352
29714
29915
29994
29986
29923
29832
29734
29644
29577
29540
29537
29559
29605
29670
29749
29833
29904
29959
29992
29998
29971
29912
29827
29717
29589
29443
29305
29183
29083
29012
28973
28984
29046
29151
29296
29463
29645
29816
29946
29999
29936
29712
29283
28599
27610
26269
24563
22468
19966
17054
13739
10122
6255
2194
-1982
-6201
-10281
-14146
-17717
-20930
-23724
-26009
-27774
-29018
-29754
-29999
-29790
-29183
-28232
-26995
-25526
-23893
-22148
-20341
-18513
-16700
-14923
-13206
-11570
-10030
-8600
-7244
-5967
-4773
-3669
-2653
-1675
-736
163
1023
1844
2693
3568
4472
5400
6353
7386
8496
9677
10925
12233
13623
15086
16604
18162
19742
21316
22857
24340
25728
26988
28067
28934
29563
29922
29985
29736
29172
28297
27116
25637
23926
22018
19947
17747
15452
13163
10916
8743
6667
4708
2931
1345
-43
-1230
-2214
-2971
-3500
-3806
-3885
-3742
-3400
-2856
-2112
-1164
-14
1270
2690
4242
5916
7706
9516
11338
13160
14971
16757
18435
20002
21457
22794
24014
25080
26000
26788
27454
28013
28461
28817
29095
29308
29468
29584
29664
29715
29745
29755
29746
29718
29668
29591
29479
29326
29120
28851
28502
28061
27507
26824
25992
24991
23803
22405
20778
18910
16788
14404
11763
8873
5747
2413
-1098
-4705
-8355
-11980
-15506
-18850
-21881
-24525
-26715
-28389
-29492
-29975
-29845
-29124
-27843
-26042
-23843
-21334
-18601
-15722
-12769
-9900
-7177
-4645
-2338
-276
1463
2876
3962
4725
5168
5287
5088
4566
3719
2544
1098
-618
-2598
-4833
-7303
-9878
-12526
-15207
-17867
-20451
-22813
-24909
-26699
-28140
-29191
-29810
-29999
-29767
-29132
-28113
-26755
-25100
-23193
-21075
-18787
-16356
-13816
-11200
-8540
-5863
-3146
-408
2326
5038
7701
10355
12971
15521
17971
20290
22466
24455
26213
27691
28842
29616
29976
29892
29335
28289
26774
24815
22441
19692
16611
13351
9981
6570
3171
-161
-3265
-6117
-8697
-11000
-13028
-14716
-16083
-17151
-17939
-18467
-18727
-18724
-18460
-17927
-17113
-16044
-14701
-13067
-11122
-8853
-6359
-3646
-727
2369
5614
8831
11980
15016
17893
20566
22911
24919
26583
27907
28895
29549
29903
29998
29874
29567
29120
28572
27957
27307
26648
25988
25341
24725
24151
23630
23121
22628
22156
21705
21278
20814
20311
19770
19186
18558
17819
16961
15979
14863
13611
12180
10562
8754
6752
4554
2163
-411
-3154
-6038
-9029
-12054
-15063
-17997
-20787
-23358
-25598
-27442
-28829
-29699
-29999
-29697
-28792
-27294
-25225
-22623
-19610
-16269
-12688
-8947
-5125
-1382
2217
5626
8804
11726
14326
16609
18585
20275
21703
22878
23829
24583
25161
25586
25883
26065
26137
26104
25963
25750
25461
25088
24624
24059
23448
22789
22078
21316
20497
19696
18919
18171
17456
16776
16195
15715
15341
15076
14921
14888
14976
15185
15513
15959
16486
17092
17770
18517
19327
20129
20920
21697
22458
23200
23859
24438
24948
25391
25774
26055
26243
26346
26365
26302
26129
25837
25417
24852
24123
23211
22092
20739
19129
17236
15096
12698
10043
7138
3996
744
-2581
-5942
-9290
-12573
-15646
-18476
-21035
-23296
-25244
-26822
-28050
-28952
-29557
-29896
-29999
-29912
-29676
-29330
-28908
-28443
-27964
-27494
-27055
-26663
-26313
-26013
-25773
-25594
-25482
-25403
-25355
-25341
-25359
-25409
-25452
-25487
-25514
-25534
-25547
-25514
-25432
-25300
-25116
-24877
-24555
-24139
-23625
-23000
-22257
-21375
-20339
-19140
-17761
-16192
-14440
-12497
-10363
-8036
-5524
-2891
-155
2662
5536
8437
11283
14042
16681
19168
21473
23520
25296
26791
28000
28923
29548
29898
29999
29875
29552
29072
28471
27786
27046
26282
25535
24834
24199
23650
23199
22855
22628
22520
22534
22671
22902
23228
23639
24129
24689
25269
25861
26457
27046
27618
28130
28581
28971
29301
29566
29757
29885
29961
29995
29997
29976
29949
29922
29902
29895
29903
29927
29959
29988
29999
29971
29879
29692
29378
28897
28222
27316
26144
24673
22872
20772
18372
15673
12690
9443
6049
2556
-989
-4538
-8042
-11352
-14435
-17259
-19809
-22071
-23982
-25565
-26846
-27856
-28625
-29175
-29549
-29784
-29918
-29981
-29999
-29993
-29979
-29969
-29967
-29973
-29984
-29995
-29999
-29984
-29944
-29872
-29760
-29604
-29393
-29150
-28879
-28585
-28273
-27947
-27656
-27409
-27217
-27084
-27016
-27046
-27174
-27393
-27694
-28060
-28471
-28899
-29311
-29664
-29912
-29999
-29877
-29493
-28795
-27728
-26283
-24434
-22167
-19481
-16380
-12968
-9292
-5408
-1382
2713
6726
10583
14220
17575
20602
23220
25412
27169
28492
29392
29881
29993
29764
29235
28443
27437
26259
24950
23546
22084
20602
19126
17682
16291
14971
13741
12615
11599
10704
9935
9323
8870
8578
8451
8488
8699
9087
9650
10382
11280
12332
13529
14856
16299
17837
19424
21031
22626
24178
25643
26955
28077
28974
29611
29951
29963
29639
28973
27967
26623
24996
23120
21029
18758
16342
13886
11431
9016
6664
4403
2323
437
-1244
-2719
-3985
-4989
-5733
-6221
-6454
-6438
-6145
-5575
-4722
-3585
-2161
-448
1545
3817
6342
9093
11985
14966
17957
20872
23600
25976
27895
29249
29934
29855
28960
27249
24741
21487
17556
13199
8565
3800
-957
-5586
-9835
-13639
-16968
-19820
-22210
-24101
-25559
-26655
-27454
-28018
-28382
-28587
-28659
-28610
-28429
-28117
-27639
-26956
-26015
-24756
-23215
-21358
-19162
-16604
-13675
-10570
-7328
-3991
-600
2800
5967
8878
11514
13873
15962
17671
19033
20080
20839
21336
21556
21510
21194
20598
19696
18524
17054
15259
13114
10597
7862
4921
1795
-1483
-4881
-8145
-11240
-14136
-16811
-19250
-21308
-23015
-24409
-25526
-26407
-27038
-27467
-27726
-27839
-27812
-27645
-27320
-26809
-26074
-25067
-23785
-22183
-20218
-17851
-15053
-11946
-8548
-4895
-1032
2983
6916
10701
14275
17580
20566
23105
25203
26878
28154
29065
29637
29929
29997
29895
29670
29368
29026
28681
28357
28079
27843
27657
27529
27465
27466
27496
27556
27642
27756
27895
28018
28128
28223
28307
28380
28417
28422
28394
28331
28232
28076
27857
27565
27189
26719
26130
25404
24522
23462
22204
20741
19055
17132
14961
12536
9908
7087
4091
945
-2318
-5583
-8812
-11961
-14988
-17849
-20434
-22725
-24707
-26374
-27720
-28723
-29414
-29825
-29992
-29949
-29740
-29410
-29001
-28551
-28091
-27659
-27279
-26971
-26749
-26624
-26586
-26634
-26768
-26982
-27270
-27588
-27931
-28286
-28643
-28990
-29292
-29545
-29746
-29891
-29976
-29999
-29965
-29880
-29751
-29583
-29389
-29178
-28957
-28734
-28516
-28294
-28072
-27851
-27634
-27423
-27188
-26929
-26642
-26326
-25977
-25552
-25040
-24432
-23718
-22887
-21892
-20716
-19343
-17754
-15935
-13873
-11565
-9002
-6193
-3148
20
3280
6592
9908
13178
16231
19031
21552
23766
25658
27153
28285
29093
29620
29908
29999
29955
29833
29678
29526
29414
29364
29383
29469
29606
29762
29906
29992
29969
29774
29363
28688
27704
26368
24639
22585
20220
17566
14646
11490
8286
5085
1936
-1121
-4057
-6726
-9120
-11234
-13077
-14658
-15940
-16940
-17680
-18171
-18426
-18449
-18240
-17793
-17101
-16148
-14961
-13523
-11819
-9837
-7567
-5088
-2407
457
3483
6636
9783
12880
15879
18729
21379
23713
25706
27335
28585
29444
29903
29986
29722
29143
28281
27189
25914
24495
22974
21387
19770
18155
16568
15031
13562
12159
10830
9587
8434
7380
6367
5397
4469
3588
2754
1893
1009
100
-830
-1784
-2825
-3951
-5162
-6452
-7817
-9290
-10857
-12513
-14238
-16015
-17821
-19634
-21419
-23146
-24776
-26243
-27518
-28564
-29349
-29837
-29999
-29831
-29332
-28507
-27365
-25963
-24341
-22537
-20590
-18531
-16465
-14432
-12466
-10594
-8840
-7266
-5885
-4711
-3745
-2994
-2453
-2123
-2005
-2097
-2401
-2868
-3500
-4293
-5247
-6359
-7550
-8818
-10155
-11554
-13010
-14442
-15845
-17214
-18544
-19830
-21025
-22127
-23140
-24066
-24908
-25657
-26319
-26900
-27407
-27847
-28231
-28564
-28850
-29092
-29297
-29476
-29628
-29754
-29854
-29928
-29978
-29999
-29984
-29928
-29823
-29655
-29410
-29071
-28622
-28047
-27317
-26414
-25314
-23999
-22450
-20654
-18598
-16274
-13682
-10825
-7748
-4472
-1035
2525
6156
9750
13248
16582
19690
22504
24922
26906
28419
29437
29942
29929
29425
28463
27082
25323
23271
20990
18538
15972
13338
10726
8178
5728
3403
1221
-776
-2581
-4193
-5606
-6825
-7848
-8680
-9325
-9785
-10065
-10193
-10174
-10005
-9688
-9215
-8636
-7948
-7149
-6238
-5210
-4125
-2980
-1778
-520
793
2109
3423
4734
6038
7336
8592
9804
10973
12096
13175
14205
15185
16117
17001
17839
18646
19422
20165
20878
21562
22237
22906
23565
24210
24839
25471
26100
26716
27311
27875
28408
28895
29318
29657
29890
29995
29949
29722
29291
28626
27712
26525
25049
23271
21182
18803
16146
13227
10071
6707
3217
-350
-3948
-7523
-11019
-14338
-17435
-20265
-22789
-24973
-26772
-28172
-29173
-29778
-29998
-29847
-29354
-28549
-27463
-26129
-24589
-22880
-21035
-19086
-17066
-15003
-12922
-10847
-8796
-6785
-4825
-2925
-1098
649
2315
3905
5416
6847
8194
9459
10653
11782
12844
13841
14773
15659
16496
17290
18038
18745
19422
20069
20690
21282
21847
22395
22925
23437
23931
24409
24873
25324
25762
26185
26592
26986
27365
27725
28068
28390
28689
28964
29212
29432
29619
29771
29887
29962
29997
29988
29934
29835
29689
29498
29258
28975
28650
28284
27879
27435
26960
26454
25923
25366
24787
24191
23580
22958
22326
21687
21041
20390
19736
19080
18424
17759
17085
16402
15712
15013
14298
13567
12818
12054
11272
10460
9617
8743
7839
6905
5933
4921
3871
2782
1655
494
-698
-1922
-3174
-4455
-5745
-7040
-8338
-9636
-10930
-12191
-13416
-14606
-15756
-16868
-17909
-18882
-19785
-20625
-21403
-22096
-22712
-23253
-23727
-24138
-24475
-24745
-24951
-25097
-25185
-25216
-25192
-25113
-24975
-24777
-24525
-24215
-23843
-23405
-22895
-22330
-21707
-21023
-20273
-19457
-18598
-17698
-16757
-15773
-14748
-13713
-12667
-11612
-10551
-9486
-8437
-7406
-6393
-5400
-4429
-3480
-2550
-1640
-753
112
983
1859
2739
3623
4512
5442
6415
7428
8479
9565
10718
11935
13206
14528
15889
17297
18740
20199
21655
23085
24460
25755
26937
27976
28837
29481
29878
29998
29814
29301
28445
27241
25688
23787
21548
19015
16221
13196
9981
6614
3180
-276
-3708
-7073
-10328
-13413
-16296
-18951
-21350
-23477
-25308
-26837
-28062
-28982
-29604
-29934
-29986
-29774
-29315
-28627
-27735
-26659
-25422
-24044
-22547
-20963
-19309
-17608
-15876
-14131
-12403
-10707
-9054
-7456
-5919
-4469
-3111
-1847
-684
379
1331
2172
2899
3517
4025
4424
4717
4903
4986
4963
4853
4651
4358
3974
3497
2951
2332
1640
876
40
-836
-1755
-2713
-3711
-4748
-5790
-6839
-7892
-8950
-10008
-11045
-12062
-13057
-14029
-14978
-15896
-16781
-17634
-18453
-19241
-20000
-20731
-21433
-22105
-22751
-23378
-23986
-24571
-25135
-25675
-26200
-26710
-27199
-27665
-28101
-28514
-28894
-29233
-29523
-29752
-29913
-29993
-29976
-29850
-29597
-29198
-28632
-27879
-26920
-25737
-24311
-22628
-20679
-18456
-15959
-13209
-10222
-7021
-3634
-100
3494
7098
10653
14098
17369
20358
23014
25292
27154
28569
29499
29949
29934
29473
28592
27348
25793
23980
21961
19785
17538
15266
13015
10817
8702
6721
4892
3229
1741
434
-681
-1606
-2341
-2885
-3240
-3434
-3468
-3346
-3062
-2619
-2066
-1403
-626
258
1256
2295
3375
4494
5651
6844
7998
9114
10193
11232
12233
13134
13943
14661
15291
15837
16255
16549
16721
16773
16707
16494
16131
15614
14938
14095
13077
11877
10484
8895
7101
5130
2986
669
-1801
-4415
-7093
-9807
-12528
-15217
-17833
-20275
-22511
-24510
-26239
-27673
-28762
-29507
-29913
-29987
-29740
-29200
-28400
-27372
-26148
-24763
-23264
-21685
-20058
-18411
-16766
-15145
-13562
-12035
-10575
-9193
-7862
-6584
-5366
-4210
-3120
-2046
-986
57
1083
2092
3134
4210
5321
6460
7628
8864
10163
11517
12919
14361
15852
17376
18921
20465
21988
23459
24854
26142
27299
28292
29080
29639
29946
29977
29712
29145
28272
27095
25622
23861
21861
19651
17259
14716
12051
9344
6628
3934
1288
-1288
-3728
-6021
-8158
-10133
-11946
-13567
-15003
-16262
-17353
-18286
-19058
-19681
-20163
-20511
-20733
-20839
-20835
-20719
-20489
-20139
-19703
-19173
-18544
-17812
-16971
-16066
-15093
-14052
-12940
-11756
-10562
-9360
-8156
-6947
-5739
-4585
-3491
-2459
-1488
-580
241
977
1626
2189
2667
3085
3445
3745
3988
4174
4361
4554
4750
4952
5159
5459
5852
6336
6911
7578
8410
9401
10548
11840
13266
14841
16542
18338
20192
22063
23869
25558
27070
28338
29295
29857
29989
29664
28857
27552
25824
23727
21320
18659
15802
12953
10182
7545
5085
2831
920
-635
-1830
-2665
-3140
-3229
-2934
-2252
-1181
278
2034
4077
6393
8952
11718
14480
17193
19807
22262
24497
26348
27811
28892
29601
29951
29972
29732
29298
28731
28088
27446
26858
26363
25992
25767
25675
25720
25902
26212
26634
27088
27564
28046
28517
28960
29315
29589
29787
29917
29985
29999
29981
29950
29920
29900
29904
29929
29966
29995
29989
29912
29719
29362
28782
27917
26749
25242
23365
21092
18404
15430
12204
8768
5171
1463
-2155
-5634
-8930
-12011
-14853
-17374
-19579
-21481
-23100
-24458
-25576
-26481
-27204
-27771
-28209
-28557
-28829
-29041
-29199
-29315
-29414
-29500
-29572
-29633
-29685
-29740
-29797
-29851
-29903
-29947
-29981
-29999
-29991
-29949
-29862
-29723
-29524
-29255
-28909
-28476
-27977
-27414
-26791
-26110
-25374
-24649
-23947
-23284
-22669
-22109
-21679
-21387
-21239
-21239
-21387
-21711
-22202
-22848
-23629
-24518
-25467
-26440
-27396
-28285
-29050
-29618
-29941
-29975
-29675
-28994
-27935
-26494
-24680
-22502
-19979
-17221
-14280
-11205
-8045
-4844
-1721
1285
4148
6842
9352
11633
13685
15511
17120
18526
19731
20752
21603
22299
22852
23277
23584
23778
23866
23848
23733
23516
23193
22759
22202
21520
20696
19720
18580
17264
15776
14108
12254
10209
7973
5564
2991
270
-2578
-5530
-8523
-11523
-14482
-17353
-20080
-22576
-24792
-26676
-28180
-29258
-29864
-29983
-29610
-28746
-27402
-25630
-23475
-20988
-18219
-15225
-12120
-8963
-5809
-2705
310
3146
5778
8194
10387
12356
14062
15518
16738
17735
18526
19102
19476
19655
19647
19446
19033
18397
17524
16398
14998
13320
11344
9060
6457
3540
373
-3014
-6575
-10246
-13945
-17501
-20814
-23780
-26288
-28229
-29475
-29987
-29743
-28739
-26993
-24612
-21697
-18353
-14688
-10804
-6919
-3134
477
3856
6970
9706
12070
14067
15722
17056
18064
18769
19191
19341
19224
18862
18244
17358
16183
14693
12958
10965
8705
6176
3383
488
-2482
-5499
-8529
-11536
-14333
-16904
-19237
-21324
-23164
-24678
-25904
-26876
-27636
-28215
-28620
-28888
-29048
-29120
-29114
-29022
-28834
-28526
-28064
-27403
-26515
-25349
-23855
-21980
-19679
-16994
-13922
-10468
-6659
-2539
1701
5982
10206
14278
18093
21465
24331
26642
28363
29474
29966
29879
29262
28173
26673
24850
22779
20528
18165
15741
13312
10919
8598
6376
4276
2286
419
-1319
-2922
-4389
-5762
-7040
-8222
-9312
-10309
-11269
-12193
-13080
-13930
-14743
-15567
-16400
-17238
-18079
-18921
-19792
-20683
-21592
-22505
-23420
-24334
-25239
-26119
-26956
-27731
-28427
-29020
-29494
-29822
-29985
-29960
-29726
-29262
-28550
-27570
-26327
-24816
-23039
-21000
-18706
-16216
-13552
-10739
-7809
-4790
-1772
1210
4130
6961
9680
12222
14581
16747
18720
20499
22055
23403
24560
25541
26365
27045
27597
28042
28393
28665
28877
29038
29154
29235
29282
29307
29311
29296
29258
29197
29122
29029
28918
28786
28629
28456
28264
28051
27815
27557
27279
26981
26661
26320
25956
25571
25166
24740
24292
23824
23342
22846
22337
21816
21282
20756
20239
19736
19244
18765
18353
18011
17738
17538
17412
17414
17545
17805
18189
18695
19354
20154
21082
22115
23229
24397
25580
26735
27807
28737
29450
29887
29990
29702
28966
27777
26133
24044
21526
18603
15440
12107
8672
5199
1744
-1505
-4517
-7266
-9739
-11935
-13792
-15331
-16571
-17531
-18231
-18702
-18955
-18996
-18826
-18440
-17907
-17217
-16363
-15336
-14123
-12865
-11562
-10217
-8831
-7406
-6114
-4963
-3957
-3100
-2392
-1959
-1801
-1913
-2300
-2963
-3925
-5188
-6740
-8570
-10653
-12875
-15200
-17582
-19968
-22293
-24378
-26187
-27684
-28833
-29604
-29961
-29950
-29618
-29013
-28185
-27247
-26279
-25341
-24490
-23766
-23246
-22956
-22908
-23103
-23536
-24160
-24948
-25860
-26842
-27829
-28698
-29393
-29848
-29998
-29771
-29142
-28111
-26681
-24865
-22678
-20275
-17726
-15093
-12430
-9780
-7308
-5052
-3037
-1282
204
1382
2254
2822
3085
3046
2748
2191
1374
296
-1043
-2539
-4188
-5979
-7903
-9946
-11974
-13979
-15940
-17844
-19677
-21348
-22859
-24211
-25406
-26447
-27313
-28019
-28585
-29028
-29365
-29609
-29778
-29889
-29954
-29987
-29999
-29997
-29988
-29979
-29971
-29967
-29966
-29969
-29976
-29984
-29992
-29998
-29999
-29994
-29978
-29951
-29911
-29855
-29781
-29686
-29569
-29425
-29252
-29048
-28809
-28530
-28207
-27834
-27408
-26924
-26370
-25737
-25020
-24211
-23306
-22290
-21154
-19893
-18502
-16973
-15281
-13421
-11389
-9188
-6819
-4281
-1588
1239
4179
7202
10254
13294
16269
19122
21788
24178
26232
27894
29106
29819
29989
29604
28662
27171
25152
22695
19867
16740
13385
9867
6348
2891
-445
-3620
-6600
-9290
-11681
-13780
-15594
-17144
-18406
-19404
-20158
-20688
-21004
-21110
-21014
-20710
-20190
-19439
-18476
-17283
-15842
-14133
-12141
-9935
-7514
-4886
-2063
937
3971
7009
10016
12956
15788
18379
20712
22779
24575
26099
27308
28238
28926
29410
29727
29902
29981
29999
29984
29960
29944
29944
29960
29984
29999
29976
29884
29680
29314
28731
27895
26756
25267
23387
21077
18402
15368
11998
8327
4401
405
-3588
-7512
-11293
-14871
-18075
-20885
-23289
-25292
-26905
-28112
-28966
-29527
-29848
-29984
-29987
-29906
-29785
-29660
-29556
-29487
-29463
-29486
-29554
-29657
-29765
-29868
-29950
-29995
-29985
-29912
-29776
-29578
-29320
-29001
-28670
-28346
-28045
-27779
-27560
-27440
-27428
-27520
-27714
-27998
-28358
-28765
-29183
-29565
-29857
-29994
-29926
-29597
-28952
-27936
-26568
-24852
-22792
-20403
-17701
-14881
-12003
-9120
-6277
-3512
-1017
1181
3074
4657
5930
6822
7339
7486
7269
6678
5739
4444
2788
770
-1603
-4199
-6990
-9938
-12992
-16088
-19006
-21695
-24096
-26155
-27822
-29004
-29719
-29994
-29860
-29351
-28543
-27507
-26310
-25013
-23669
-22330
-21037
-19822
-18715
-17738
-16852
-16066
-15390
-14828
-14386
-13971
-13582
-13222
-12891
-12589
-12227
-11805
-11323
-10777
-10168
-9451
-8622
-7681
-6625
-5450
-4193
-2853
-1434
63
1637
3189
4711
6204
7661
9084
10355
11480
12461
13305
14016
14517
14813
14908
14803
14497
13958
13178
12146
10852
9284
7467
5397
3071
500
-2303
-5213
-8197
-11213
-14217
-17153
-19863
-22313
-24468
-26302
-27788
-28875
-29584
-29941
-29976
-29723
-29229
-28543
-27710
-26777
-25780
-24753
-23727
-22729
-21780
-20901
-20065
-19281
-18558
-17902
-17318
-16738
-16161
-15589
-15023
-14462
-13828
-13119
-12332
-11466
-10516
-9429
-8197
-6819
-5292
-3617
-1764
261
2453
4796
7272
9837
12461
15103
17717
20250
22606
24733
26576
28078
29182
29828
29993
29659
28820
27475
25667
23436
20827
17890
14681
11301
7817
4290
776
-2676
-5985
-9112
-12030
-14721
-17174
-19363
-21292
-22971
-24414
-25636
-26648
-27473
-28134
-28652
-29050
-29345
-29559
-29707
-29806
-29871
-29910
-29931
-29941
-29940
-29928
-29904
-29863
-29797
-29699
-29557
-29362
-29105
-28771
-28347
-27816
-27186
-26444
-25583
-24594
-23469
-22243
-20918
-19496
-17983
-16383
-14761
-13127
-11493
-9867
-8258
-6737
-5315
-3996
-2788
-1692
-764
-5
583
1003
1256
1313
1175
842
313
-411
-1328
-2436
-3731
-5210
-6866
-8658
-10570
-12583
-14673
-16809
-18919
-20969
-22919
-24727
-26348
-27711
-28785
-29537
-29938
-29961
-29592
-28831
-27683
-26155
-24265
-22059
-19568
-16830
-13886
-10777
-7564
-4290
-997
2272
5482
8589
11562
14374
16997
19413
21607
23565
25272
26722
27909
28832
29489
29878
29999
29857
29453
28792
27879
26722
25330
23707
21861
19803
17547
15113
12510
9761
6888
3920
882
-2191
-5272
-8327
-11317
-14210
-16956
-19527
-21883
-23994
-25830
-27356
-28553
-29399
-29882
-29990
-29723
-29089
-28106
-26788
-25160
-23262
-21129
-18794
-16294
-13662
-10951
-8197
-5430
-2682
23
2650
5182
7601
9894
12054
14067
15935
17652
19224
20652
21940
23094
24121
25029
25827
26519
27116
27627
28060
28424
28725
28971
29171
29331
29457
29555
29627
29680
29715
29737
29745
29740
29722
29688
29638
29569
29480
29364
29217
29035
28814
28551
28240
27874
27446
26963
26419
25811
25133
24383
23575
22708
21780
20793
19746
18661
17542
16390
15210
14001
12795
11593
10403
9226
8064
6950
5885
4872
3914
3011
2197
1474
842
301
-149
-474
-675
-750
-704
-531
-192
313
986
1824
2831
4016
5377
6905
8592
10422
12385
14455
16601
18783
20953
23041
24986
26719
28164
29241
29865
29975
29519
28451
26743
24425
21532
18109
14225
9957
5527
1049
-3372
-7642
-11678
-15301
-18481
-21210
-23498
-25368
-26806
-27878
-28647
-29177
-29525
-29733
-29848
-29906
-29927
-29922
-29892
-29823
-29693
-29468
-29105
-28583
-27862
-26901
-25658
-24090
-22259
-20163
-17807
-15202
-12359
-9456
-6536
-3634
-784
1985
4512
6782
8796
10551
12059
13238
14106
14676
14958
14958
14663
14067
13160
11927
10352
8462
6249
3708
848
-2312
-5643
-9095
-12599
-16075
-19426
-22458
-25088
-27230
-28806
-29746
-29992
-29550
-28442
-26706
-24390
-21615
-18476
-15068
-11480
-7792
-4145
-603
2774
5950
8897
11567
13955
16068
17913
19509
20868
22012
22962
23736
24353
24839
25206
25465
25624
25687
25673
25583
25415
25164
24826
24417
23931
23362
22702
21944
21106
20186
19179
18082
16890
15621
14275
12849
11346
9767
8112
6381
4580
2713
787
-1207
-3265
-5377
-7528
-9704
-11919
-14151
-16376
-18560
-20673
-22693
-24573
-26261
-27704
-28844
-29621
-29981
-29871
-29245
-28064
-26330
-24051
-21249
-17960
-14235
-10230
-6038
-1749
2542
6752
10669
14243
17435
20231
22628
24562
26080
27243
28108
28730
29145
29407
29560
29634
29647
29602
29487
29280
28940
28420
27699
26730
25462
23848
21839
19531
16928
14044
10900
7525
4151
825
-2404
-5505
-8445
-11064
-13358
-15344
-17030
-18442
-19553
-20388
-20971
-21318
-21441
-21391
-21164
-20756
-20156
-19352
-18444
-17430
-16303
-15058
-13687
-12361
-11085
-9870
-8719
-7636
-6780
-6153
-5759
-5600
-5677
-6061
-6752
-7742
-9027
-10589
-12356
-14300
-16388
-18571
-20793
-22893
-24821
-26525
-27951
-29044
-29720
-29992
-29874
-29385
-28550
-27458
-26179
-24779
-23315
-21837
-20442
-19175
-18070
-17156
-16450
-15967
-15712
-15693
-15908
-16354
-16944
-17673
-18531
-19503
-20575
-21627
-22656
-23651
-24607
-25516
-26301
-26975
-27548
-28030
-28432
-28738
-28967
-29131
-29241
-29306
-29329
-29311
-29252
-29146
-28984
-28770
-28493
-28142
-27701
-27158
-26543
-25851
-25080
-24225
-23284
-22326
-21360
-20394
-19437
-18495
-17648
-16904
-16274
-15763
-15378
-15140
-15053
-15113
-15324
-15683
-16173
-16788
-17524
-18370
-19316
-20311
-21344
-22403
-23469
-24530
-25529
-26457
-27302
-28053
-28698
-29213
-29598
-29854
-29982
-29984
-29871
-29653
-29348
-28967
-28525
-28050
-27557
-27063
-26582
-26125
-25713
-25357
-25066
-24844
-24696
-24626
-24631
-24712
-24870
-25100
-25383
-25713
-26086
-26493
-26928
-27356
-27773
-28174
-28552
-28901
-29198
-29444
-29641
-29793
-29902
-29966
-29994
-29998
-29985
-29962
-29940
-29926
-29924
-29933
-29952
-29976
-29996
-29994
-29952
-29844
-29642
-29313
-28821
-28128
-27189
-25992
-24505
-22702
-20564
-18075
-15299
-12251
-8958
-5453
-1781
1922
5603
9207
12675
15954
18939
21600
23909
25853
27423
28611
29424
29880
29996
29794
29298
28529
27515
26282
24854
23240
21461
19535
17484
15329
13069
10726
8313
5852
3357
859
-1623
-4077
-6483
-8826
-11054
-13155
-15125
-16959
-18657
-20158
-21475
-22621
-23609
-24453
-25124
-25642
-26025
-26287
-26437
-26461
-26359
-26125
-25747
-25210
-24497
-23582
-22437
-21031
-19332
-17369
-15130
-12602
-9785
-6687
-3451
-115
3285
6704
10092
13274
16216
18897
21296
23402
25153
26576
27699
28554
29174
29592
29844
29969
29999
29965
29888
29784
29668
29551
29444
29331
29213
29090
28964
28837
28669
28456
28189
27860
27459
26937
26270
25435
24405
23151
21641
19845
17742
15311
12539
9513
6255
2794
-828
-4563
-8194
-11671
-14941
-17964
-20704
-23014
-24916
-26441
-27630
-28521
-29128
-29518
-29752
-29880
-29943
-29968
-29972
-29957
-29912
-29812
-29625
-29308
-28809
-28069
-27020
-25667
-23980
-21932
-19503
-16681
-13623
-10374
-6973
-3471
83
3500
6737
9767
12562
15115
17369
19336
21033
22477
23693
24712
25555
26242
26794
27230
27601
27916
28180
28400
28581
28764
28945
29123
29294
29455
29620
29774
29900
29981
29994
29914
29705
29331
28754
27932
26846
25468
23777
21749
19371
16740
13879
10817
7589
4233
945
-2231
-5266
-8131
-10804
-13147
-15172
-16892
-18331
-19509
-20390
-20998
-21354
-21469
-21348
-20977
-20341
-19420
-18185
-16606
-14713
-12484
-9902
-6961
-3669
-178
3466
7211
10981
14696
18134
21235
23937
26189
27948
29148
29818
29996
29728
29065
28100
26920
25603
24218
22826
21516
20333
19316
18495
17888
17508
17360
17447
17768
18317
19042
19927
20955
22098
23325
24552
25744
26870
27890
28760
29415
29834
29998
29886
29484
28803
27861
26673
25261
23644
21904
20078
18201
16303
14412
12618
10946
9418
8047
6844
5877
5153
4676
4449
4472
4767
5338
6176
7280
8642
10241
12062
14072
16238
18508
20787
23008
25086
26930
28436
29476
29969
29841
29027
27476
25225
22317
18810
14786
10341
5714
1032
-3582
-8025
-12201
-15928
-19173
-21930
-24210
-26041
-27424
-28427
-29119
-29564
-29824
-29951
-29995
-29996
-29981
-29969
-29968
-29977
-29992
-29999
-29978
-29916
-29796
-29605
-29325
-28940
-28484
-27966
-27392
-26773
-26112
-25501
-24961
-24510
-24162
-23924
-23862
-23975
-24260
-24707
-25297
-25996
-26772
-27580
-28370
-29079
-29619
-29937
-29978
-29685
-29000
-27935
-26498
-24707
-22580
-20139
-17575
-14953
-12335
-9767
-7289
-5083
-3177
-1586
-322
615
1173
1354
1161
592
-356
-1637
-3248
-5182
-7417
-9927
-12528
-15180
-17828
-20413
-22863
-24986
-26757
-28155
-29166
-29782
-29997
-29873
-29470
-28851
-28068
-27222
-26381
-25595
-24913
-24365
-23975
-23759
-23725
-23875
-24201
-24636
-25164
-25773
-26437
-27136
-27778
-28355
-28860
-29283
-29617
-29835
-29957
-29999
-29976
-29902
-29804
-29701
-29611
-29545
-29512
-29517
-29559
-29633
-29731
-29836
-29925
-29984
-29997
-29946
-29812
-29594
-29293
-28906
-28435
-27878
-27288
-26681
-26074
-25482
-24916
-24432
-24044
-23763
-23594
-23545
-23616
-23806
-24112
-24525
-25034
-25589
-26179
-26789
-27403
-28003
-28538
-29000
-29382
-29679
-29883
-29984
-29992
-29915
-29761
-29541
-29269
-28959
-28624
-28275
-27919
-27565
-27219
-26888
-26579
-26297
-26015
-25735
-25458
-25185
-24916
-24611
-24265
-23878
-23444
-22964
-22399
-21743
-20988
-20126
-19153
-18064
-16852
-15511
-14036
-12424
-10742
-8994
-7185
-5321
-3406
-1563
198
1876
3463
4958
6243
7325
8202
8884
9371
9598
9571
9284
8738
7926
6847
5496
3865
1956
-230
-2607
-5162
-7868
-10688
-13580
-16376
-19033
-21510
-23756
-25726
-27320
-28534
-29377
-29860
-29998
-29822
-29382
-28729
-27912
-26972
-25960
-24916
-23875
-22865
-21912
-21010
-20171
-19411
-18736
-18155
-17589
-17039
-16505
-15991
-15493
-14911
-14240
-13477
-12620
-11663
-10524
-9196
-7675
-5956
-4037
-1910
414
2925
5603
8418
11272
14123
16923
19619
22148
24365
26241
27755
28888
29630
29967
29949
29633
29073
28319
27474
26611
25789
25054
24447
24032
23829
23847
24085
24535
25149
25896
26737
27616
28469
29185
29708
29977
29926
29490
28655
27420
25790
23777
21397
18810
16083
13274
10438
7620
4980
2556
368
-1565
-3243
-4594
-5626
-6342
-6746
-6842
-6647
-6162
-5383
-4304
-2922
-1313
520
2573
4833
7283
9796
12346
14896
17409
19843
22084
24101
25863
27345
28520
29351
29841
29999
29834
29361
28606
27600
26371
24950
23365
21657
19852
17981
16066
14131
12206
10312
8462
6673
4952
3337
1836
451
-810
-1951
-2931
-3751
-4415
-4921
-5272
-5425
-5383
-5142
-4702
-4062
-3192
-2089
-753
813
2607
4608
6805
9171
11681
14293
16899
19450
21885
24136
26133
27753
28958
29715
29998
29784
29095
27981
26489
24675
22591
20388
18141
15915
13764
11729
9930
8396
7146
6196
5550
5235
5252
5600
6280
7286
8559
10087
11851
13823
15969
18153
20330
22448
24445
26253
27749
28894
29650
29984
29870
29305
28311
26914
25146
23043
20673
18086
15331
12456
9502
6516
3535
592
-2280
-5060
-7773
-10400
-12919
-15314
-17566
-19712
-21727
-23582
-25253
-26714
-27952
-28932
-29614
-29961
-29939
-29518
-28675
-27396
-25672
-23502
-20942
-18027
-14801
-11312
-7614
-3885
-189
3412
6872
10150
13093
15698
17969
19923
21582
22904
23935
24711
25266
25627
25794
25781
25585
25194
24586
23766
22702
21360
19703
17694
15413
12849
10005
6891
3529
117
-3300
-6681
-9981
-13155
-16030
-18594
-20847
-22796
-24453
-25781
-26823
-27624
-28226
-28667
-28971
-29170
-29286
-29332
-29316
-29245
-29108
-28890
-28571
-28124
-27546
-26813
-25899
-24779
-23423
-21869
-20107
-18134
-15950
-13554
-11027
-8385
-5651
-2848
2
2845
5657
8412
11088
13659
16100
18390
20511
22448
24188
25716
27025
28104
28944
29543
29894
29999
29860
29481
28868
28044
27025
25830
24479
22989
21415
19778
18104
16414
14726
13114
11596
10187
8900
7742
6774
6002
5428
5057
4886
4944
5227
5739
6474
7431
8581
9916
11423
13088
14888
16750
18643
20537
22391
24162
25755
27140
28285
29161
29739
29987
29915
29533
28856
27899
26726
25380
23903
22336
20708
19113
17587
16161
14858
13698
12727
11959
11402
11064
10943
11043
11362
11898
12646
13598
14713
15979
17374
18877
20457
22042
23596
25085
26463
27688
28686
29426
29874
29995
29763
29168
28213
26905
25256
23284
21059
18621
16011
13266
10427
7581
4765
2008
-658
-3217
-5626
-7876
-9959
-11875
-13621
-15207
-16637
-17918
-19058
-20065
-20979
-21806
-22549
-23215
-23808
-24370
-24903
-25408
-25883
-26331
-26781
-27226
-27663
-28083
-28482
-28866
-29219
-29528
-29772
-29936
-29999
-29936
-29723
-29333
-28740
-27927
-26870
-25556
-23968
-22094
-19970
-17606
-15016
-12217
-9232
-6162
-3040
94
3212
6277
9193
11938
14492
16845
18991
20895
22565
24011
25249
26295
27163
27872
28440
28886
29230
29492
29685
29821
29910
29965
29993
29999
29988
29964
29930
29885
29830
29763
29686
29600
29496
29373
29230
29064
28871
28646
28385
28085
27742
27351
26912
26425
25886
25292
24639
23940
23197
22409
21576
20698
19798
18877
17937
16980
16011
15048
14098
13163
12246
11346
10454
9571
8697
7834
6984
6128
5264
4395
3520
2639
1732
802
-152
-1129
-2129
-3157
-4216
-5301
-6412
-7547
-8697
-9856
-11027
-12201
-13379
-14528
-15644
-16728
-17777
-18792
-19740
-20623
-21445
-22206
-22911
-23539
-24096
-24586
-25015
-25388
-25697
-25947
-26142
-26287
-26382
-26429
-26432
-26392
-26305
-26170
-25990
-25765
-25490
-25161
-24774
-24341
-23861
-23327
-22740
-22094
-21415
-20702
-19953
-19170
-18351
-17536
-16726
-15923
-15130
-14349
-13623
-12958
-12353
-11813
-11338
-10978
-10734
-10607
-10599
-10707
-10965
-11370
-11922
-12615
-13444
-14412
-15508
-16724
-18038
-19435
-20876
-22336
-23782
-25178
-26488
-27646
-28616
-29359
-29833
-29999
-29827
-29303
-28419
-27174
-25567
-23657
-21477
-19064
-16455
-13685
-10860
-8023
-5210
-2456
212
2736
5099
7291
9306
11141
12810
14315
15663
16859
17913
18866
19720
20482
21158
21753
22324
22872
23398
23900
24382
24888
25415
25954
26498
27040
27592
28138
28656
29125
29521
29816
29978
29974
29764
29313
28599
27598
26291
24662
22699
20465
17985
15281
12385
9325
6246
3192
198
-2702
-5488
-8042
-10357
-12432
-14270
-15884
-17238
-18351
-19244
-19927
-20420
-20739
-20895
-20891
-20725
-20394
-19943
-19365
-18650
-17793
-16783
-15698
-14535
-13294
-11974
-10572
-9193
-7842
-6525
-5244
-4005
-2894
-1913
-1063
-347
235
638
859
899
759
437
-66
-750
-1617
-2665
-3891
-5255
-6754
-8377
-10114
-11951
-13823
-15715
-17606
-19472
-21288
-22989
-24557
-25967
-27200
-28235
-29043
-29612
-29930
-29988
-29778
-29300
-28554
-27546
-26283
-24774
-23043
-21106
-18982
-16693
-14258
-11721
-9109
-6446
-3757
-1066
1568
4130
6600
8963
11210
13294
15215
16968
18562
20000
21255
22341
23271
24061
24724
25250
25655
25952
26147
26249
26250
26154
25954
25645
25213
24655
23954
23094
22055
20816
19380
17731
15857
13746
11395
8856
6139
3262
247
-2879
-6013
-9114
-12146
-15068
-17839
-20367
-22625
-24597
-26271
-27639
-28674
-29397
-29829
-29995
-29923
-29646
-29206
-28639
-27980
-27260
-26523
-25799
-25111
-24484
-23931
-23477
-23131
-22900
-22792
-22807
-22941
-23191
-23552
-24014
-24568
-25186
-25854
-26554
-27261
-27951
-28587
-29140
-29582
-29879
-29999
-29908
-29580
-28991
-28117
-26936
-25450
-23658
-21562
-19166
-16486
-13575
-10462
-7185
-3783
-299
3186
6625
9973
13183
16216
19006
21524
23742
25640
27207
28423
29291
29813
29999
29861
29414
28680
27677
26429
24961
23287
21433
19420
17271
15008
12631
10155
7601
4989
2341
-342
-3043
-5736
-8401
-11016
-13575
-16053
-18422
-20652
-22714
-24583
-26228
-27615
-28713
-29491
-29919
-29976
-29640
-28900
-27747
-26189
-24238
-21912
-19237
-16243
-13028
-9644
-6148
-2590
974
4432
7739
10863
13772
16448
18830
20922
22732
24277
25577
26635
27479
28143
28651
29033
29311
29507
29641
29729
29780
29808
29817
29806
29775
29720
29641
29533
29388
29196
28948
28654
28309
27908
27445
26917
26356
25764
25144
24502
23838
23197
22585
22010
21477
20992
20602
20313
20131
20056
20090
20258
20558
20984
21528
22181
22934
23768
24662
25591
26527
27423
28246
28956
29515
29878
29999
29846
29390
28603
27459
25980
24176
22059
19649
16966
14116
11141
8084
4986
1885
-1106
-3962
-6659
-9180
-11514
-13611
-15474
-17113
-18540
-19768
-20797
-21647
-22330
-22861
-23253
-23520
-23669
-23702
-23625
-23430
-23136
-22738
-22226
-21594
-20829
-19953
-18957
-17833
-16573
-15170
-13649
-12009
-10249
-8371
-6378
-4304
-2155
57
2323
4631
6973
9331
11684
14011
16291
18502
20612
22595
24414
26036
27428
28553
29377
29868
29994
29729
29057
27966
26451
24515
22198
19531
16549
13294
9815
6224
2578
-1063
-4648
-8128
-11389
-14401
-17144
-19603
-21774
-23614
-25147
-26401
-27404
-28189
-28769
-29185
-29474
-29665
-29786
-29855
-29888
-29896
-29879
-29834
-29750
-29607
-29378
-29034
-28534
-27851
-26946
-25776
-24301
-22483
-20341
-17863
-15046
-11896
-8432
-4788
-1012
2833
6690
10486
14042
17306
20239
22811
25001
26740
28061
29002
29607
29923
29998
29899
29691
29426
29150
28915
28753
28684
28715
28843
29051
29313
29591
29834
29983
29966
29723
29191
28303
26992
25280
23159
20631
17708
14412
10957
7414
3848
319
-3123
-6258
-9065
-11536
-13677
-15503
-16937
-18013
-18756
-19188
-19323
-19157
-18684
-17888
-16747
-15232
-13418
-11285
-8820
-6018
-2885
353
3666
7006
10331
13585
16525
19138
21423
23385
25040
26320
27285
27993
28497
28842
29044
29132
29122
29011
28782
28418
27882
27121
26079
24689
22989
20948
18547
15768
12612
9290
5849
2338
-1190
-4691
-7934
-10892
-13554
-15918
-17990
-19709
-21110
-22226
-23087
-23722
-24148
-24383
-24437
-24311
-24001
-23555
-22964
-22210
-21280
-20152
-18935
-17627
-16226
-14733
-13147
-11617
-10155
-8771
-7472
-6266
-5261
-4463
-3877
-3503
-3340
-3383
-3634
-4091
-4753
-5620
-6606
-7709
-8922
-10241
-11657
-13044
-14399
-15719
-17001
-18242
-19345
-20320
-21174
-21916
-22555
-23052
-23418
-23662
-23789
-23803
-23706
-23495
-23166
-22710
-22117
-21427
-20631
-19723
-18693
-17536
-16332
-15086
-13798
-12471
-11109
-9813
-8589
-7445
-6384
-5408
-4585
-3917
-3406
-3051
-2853
-2831
-2980
-3300
-3794
-4461
-5258
-6187
-7244
-8423
-9720
-11061
-12440
-13851
-15284
-16731
-18123
-19457
-20727
-21930
-23061
-24089
-25016
-25847
-26586
-27237
-27795
-28269
-28665
-28993
-29259
-29472
-29638
-29764
-29857
-29922
-29963
-29988
-29999
-29998
-29988
-29975
-29956
-29936
-29916
-29897
-29880
-29866
-29857
-29853
-29853
-29861
-29875
-29894
-29916
-29941
-29966
-29987
-29999
-29994
-29967
-29906
-29801
-29639
-29406
-29087
-28665
-28123
-27440
-26601
-25588
-24392
-23000
-21403
-19590
-17556
-15331
-12919
-10333
-7586
-4699
-1732
1285
4324
7353
10336
13206
15937
18495
20854
22987
24862
26461
27772
28787
29496
29898
29994
29783
29272
28469
27382
26025
24412
22561
20491
18212
15744
13111
10336
7445
4455
1397
-1701
-4805
-7881
-10895
-13810
-16590
-19197
-21598
-23747
-25618
-27183
-28422
-29313
-29839
-29999
-29793
-29232
-28325
-27105
-25601
-23845
-21867
-19701
-17416
-15051
-12639
-10211
-7798
-5465
-3234
-1124
853
2693
4358
5846
7157
8294
9259
10027
10605
10997
11205
11232
11080
10744
10225
9516
8614
7545
6303
4886
3294
1525
-350
-2329
-4401
-6553
-8771
-10954
-13090
-15165
-17163
-19069
-20791
-22336
-23706
-24909
-25954
-26807
-27494
-28039
-28462
-28787
-29014
-29163
-29248
-29277
-29253
-29172
-29023
-28791
-28456
-27990
-27379
-26591
-25597
-24361
-22852
-21102
-19102
-16845
-14331
-11562
-8669
-5680
-2627
457
3543
6471
9218
11771
14118
16257
18102
19672
20990
22076
22958
23612
24062
24326
24414
24328
24061
23600
22928
22020
20845
19400
17654
15582
13160
10374
7294
3937
333
-3468
-7406
-11299
-15066
-18612
-21845
-24667
-26932
-28594
-29622
-29998
-29717
-28818
-27360
-25411
-23043
-20330
-17402
-14341
-11221
-8109
-5057
-2140
609
3169
5521
7659
9593
11323
12854
14194
15351
16373
17269
18043
18702
19252
19765
20245
20692
21106
21491
21910
22360
22839
23342
23868
24452
25085
25752
26437
27126
27807
28453
29032
29509
29844
29994
29925
29600
28983
28042
26773
25169
23228
20953
18351
15536
12547
9429
6224
2974
-163
-3157
-5979
-8609
-11035
-13173
-15036
-16635
-17987
-19111
-20006
-20694
-21188
-21499
-21637
-21631
-21481
-21184
-20733
-20118
-19409
-18598
-17682
-16654
-15506
-14349
-13186
-12022
-10860
-9701
-8658
-7734
-6936
-6266
-5725
-5366
-5188
-5188
-5369
-5733
-6255
-6931
-7759
-8735
-9854
-11011
-12201
-13423
-14668
-15933
-17089
-18144
-19102
-19966
-20743
-21346
-21788
-22076
-22220
-22222
-22030
-21637
-21033
-20199
-19113
-17775
-16161
-14250
-12022
-9464
-6670
-3651
-434
2951
6460
9900
13222
16376
19309
21975
24247
26123
27609
28717
29469
29879
29999
29881
29575
29127
28584
27985
27366
26758
26187
25651
25160
24727
24361
24071
23815
23594
23412
23269
23166
23063
22962
22861
22762
22663
22561
22456
22347
22235
22119
22022
21942
21881
21837
21812
21859
21979
22169
22429
22757
23199
23745
24382
25092
25856
26665
27484
28271
28973
29538
29898
29994
29768
29158
28107
26615
24680
22305
19505
16306
12898
9355
5747
2138
-1417
-4699
-7678
-10339
-12677
-14703
-16335
-17603
-18538
-19162
-19494
-19533
-19283
-18733
-17867
-16662
-15167
-13364
-11229
-8752
-5922
-2922
221
3477
6805
10158
13292
16180
18801
21141
23193
24857
26176
27202
27979
28553
28938
29182
29318
29370
29345
29240
29036
28704
28201
27470
26489
25203
23559
21506
18996
16107
12847
9237
5315
1135
-3091
-7283
-11354
-15217
-18787
-21918
-24565
-26699
-28304
-29375
-29915
-29961
-29560
-28761
-27618
-26183
-24512
-22652
-20652
-18556
-16378
-14148
-11898
-9650
-7425
-5210
-3020
-865
1239
3285
5278
7208
9068
10852
12560
14176
15700
17130
18465
19709
20835
21847
22753
23559
24274
24874
25373
25779
26100
26346
26500
26568
26554
26455
26269
25975
25562
25018
24324
23462
22424
21188
19734
18043
16097
13922
11514
8875
6016
2951
-224
-3477
-6768
-10052
-13276
-16321
-19142
-21705
-23972
-25913
-27464
-28633
-29432
-29879
-29997
-29819
-29395
-28774
-27999
-27115
-26193
-25278
-24409
-23616
-22926
-22387
-22016
-21822
-21812
-21984
-22336
-22855
-23529
-24331
-25233
-26172
-27110
-28002
-28798
-29439
-29852
-29999
-29842
-29344
-28472
-27253
-25708
-23855
-21723
-19338
-16854
-14326
-11800
-9320
-6916
-4739
-2808
-1138
261
1388
2175
2621
2731
2505
1939
1052
-161
-1695
-3549
-5708
-8070
-10605
-13274
-16022
-18785
-21393
-23780
-25880
-27622
-28934
-29732
-29999
-29732
-28934
-27620
-25857
-23707
-21235
-18502
-15567
-12513
-9393
-6263
-3166
-140
2803
5640
8349
10911
13312
15584
17715
19692
21508
23155
24649
25977
27131
28100
28878
29453
29824
29989
29950
29706
29272
28662
27896
26987
25952
24858
23738
22615
21518
20461
19540
18772
18176
17761
17536
17547
17796
18277
18978
19882
20957
22169
23482
24845
26199
27428
28480
29300
29826
29999
29775
29153
28138
26735
24959
22936
20729
18399
16001
13577
11280
9152
7227
5527
4065
2888
2000
1403
1098
1086
1290
1709
2346
3197
4262
5391
6586
7842
9155
10519
11774
12922
13966
14908
15756
16400
16849
17111
17188
17085
16752
16183
15368
14293
12943
11336
9462
7311
4881
2177
-672
-3646
-6712
-9829
-12951
-15894
-18623
-21110
-23327
-25252
-26802
-28006
-28891
-29494
-29848
-29989
-29972
-29846
-29653
-29432
-29219
-29042
-28919
-28862
-28878
-28953
-29084
-29256
-29456
-29660
-29833
-29953
-29999
-29947
-29770
-29459
-29006
-28402
-27640
-26714
-25661
-24494
-23222
-21859
-20415
-18951
-17482
-16027
-14598
-13206
-11890
-10656
-9516
-8473
-7534
-6692
-5953
-5318
-4788
-4364
-4011
-3725
-3512
-3366
-3288
-3217
-3151
-3091
-3037
-2988
-2885
-2728
-2516
-2249
-1925
-1486
-928
-253
540
1451
2522
3748
5130
6659
8327
10128
12046
14060
16141
18256
20339
22349
24238
25956
27445
28621
29454
29913
29974
29615
28852
27714
26235
24450
22395
20192
17902
15580
13269
11008
8903
6984
5272
3783
2522
1514
764
273
40
66
284
695
1299
2094
3079
4136
5264
6457
7714
9032
10276
11450
12552
13585
14551
15361
16025
16547
16933
17188
17285
17226
17011
16635
16092
15430
14641
13721
12665
11463
10227
8955
7650
6314
4947
3691
2553
1534
638
-138
-681
-994
-1075
-928
-549
106
1040
2252
3737
5488
7431
9549
11819
14205
16664
19046
21314
23422
25321
26966
28253
29183
29760
29993
29894
29503
28876
28067
27125
26096
25062
24071
23162
22366
21709
21210
20882
20733
20764
20979
21322
21788
22368
23050
23819
24591
25359
26110
26834
27520
28112
28613
29029
29364
29623
29800
29912
29974
29997
29996
29981
29964
29952
29950
29958
29974
29991
29999
29985
29931
29821
29634
29352
28951
28406
27721
26881
25879
24701
23338
21847
20237
18517
16700
14793
12880
10978
9104
7269
5488
3834
2318
945
-278
-1354
-2240
-2940
-3451
-3777
-3917
-3877
-3657
-3254
-2670
-1902
-994
51
1239
2561
4019
5499
6995
8504
10019
11538
12943
14238
15425
16508
17491
18293
18921
19389
19701
19865
19837
19616
19197
18571
17724
16649
15329
13746
11885
9731
7356
4759
1954
-1040
-4196
-7334
-10414
-13403
-16257
-18942
-21300
-23335
-25054
-26476
-27618
-28457
-29052
-29454
-29710
-29861
-29935
-29968
-29977
-29973
-29949
-29891
-29772
-29555
-29189
-28617
-27807
-26711
-25278
-23462
-21221
-18634
-15717
-12486
-8977
-5227
-1443
2312
5985
9516
12862
15879
18556
20891
22895
24584
25956
27047
27896
28540
29014
29356
29593
29751
29851
29911
29947
29968
29978
29982
29981
29977
29970
29958
29939
29911
29877
29834
29782
29721
29648
29567
29475
29373
29260
29136
28994
28833
28652
28447
28217
27945
27624
27250
26815
26313
25716
25013
24193
23242
22148
20889
19450
17819
15989
13948
11713
9284
6667
3877
931
-2097
-5179
-8280
-11357
-14369
-17217
-19863
-22272
-24407
-26237
-27713
-28826
-29571
-29948
-29960
-29622
-28952
-27976
-26716
-25202
-23453
-21497
-19358
-17066
-14646
-12099
-9448
-6718
-3934
-1121
1726
4588
7436
10241
12974
15619
18144
20515
22699
24659
26356
27760
28846
29585
29956
29945
29550
28773
27622
26112
24287
22185
19841
17294
14581
11782
8941
6094
3277
517
-2129
-4645
-7018
-9235
-11291
-13188
-14928
-16515
-17950
-19244
-20409
-21453
-22383
-23208
-23933
-24589
-25181
-25713
-26189
-26613
-27010
-27377
-27718
-28031
-28319
-28590
-28843
-29078
-29291
-29480
-29643
-29779
-29885
-29958
-29995
-29994
-29950
-29864
-29732
-29551
-29326
-29058
-28750
-28403
-28017
-27613
-27197
-26774
-26349
-25927
-25535
-25180
-24868
-24602
-24388
-24242
-24164
-24155
-24215
-24345
-24540
-24797
-25113
-25481
-25895
-26327
-26772
-27220
-27667
-28104
-28500
-28854
-29163
-29428
-29645
-29803
-29911
-29974
-29999
-29990
-29959
-29914
-29865
-29819
-29781
-29760
-29757
-29772
-29805
-29850
-29903
-29953
-29989
-29998
-29962
-29865
-29690
-29416
-29023
-28488
-27804
-26953
-25921
-24694
-23258
-21629
-19803
-17782
-15570
-13173
-10640
-7990
-5241
-2418
457
3323
6153
8922
11604
14176
16582
18810
20847
22686
24318
25716
26891
27853
28617
29195
29597
29848
29974
29997
29939
29831
29696
29561
29440
29349
29306
29317
29380
29489
29628
29778
29912
29992
29975
29810
29450
28843
27937
26678
25018
22978
20552
17738
14553
11019
7294
3443
-468
-4375
-8213
-11782
-15041
-17964
-20541
-22770
-24584
-26029
-27153
-28004
-28632
-29062
-29344
-29520
-29616
-29653
-29639
-29570
-29434
-29206
-28850
-28348
-27663
-26752
-25571
-24075
-22315
-20282
-17974
-15393
-12544
-9609
-6622
-3626
-649
2275
4966
7408
9598
11533
13222
14583
15634
16393
16873
17089
17004
16616
15915
14886
13505
11784
9704
7249
4415
1207
-2246
-5899
-9685
-13513
-17276
-20741
-23805
-26359
-28302
-29542
-29997
-29670
-28586
-26787
-24331
-21381
-18055
-14472
-10739
-6953
-3268
241
3526
6550
9295
11732
13866
15710
17278
18589
19683
20577
21286
21823
22202
22468
22625
22676
22625
22468
22249
21967
21617
21198
20704
20186
19642
19073
18476
17851
17255
16686
16148
15644
15172
14788
14495
14293
14184
14166
14280
14525
14898
15398
16020
16795
17712
18758
19914
21162
22481
23840
25194
26496
27687
28697
29461
29911
29972
29572
28662
27203
25169
22549
19350
15678
11607
7219
2613
-2103
-6687
-11035
-15056
-18677
-21843
-24442
-26490
-28020
-29075
-29710
-29976
-29958
-29731
-29364
-28921
-28459
-28026
-27657
-27380
-27214
-27142
-27168
-27290
-27502
-27793
-28111
-28443
-28780
-29106
-29407
-29643
-29817
-29932
-29990
-29994
-29956
-29892
-29817
-29745
-29683
-29654
-29661
-29705
-29776
-29863
-29945
-29995
-29980
-29861
-29590
-29134
-28452
-27507
-26260
-24673
-22804
-20658
-18249
-15592
-12706
-9772
-6836
-3937
-1109
1617
4083
6272
8183
9821
11195
12241
12971
13400
13531
13369
12896
12101
10976
9502
7667
5533
3097
365
-2642
-5894
-9210
-12536
-15805
-18944
-21869
-24399
-26492
-28117
-29247
-29870
-29982
-29641
-28907
-27841
-26502
-24998
-23396
-21762
-20150
-18605
-17184
-15915
-14823
-13927
-13241
-12740
-12430
-12314
-12390
-12662
-13059
-13582
-14228
-14988
-15859
-16757
-17680
-18623
-19581
-20547
-21459
-22319
-23125
-23881
-24586
-25208
-25755
-26231
-26644
-27000
-27286
-27511
-27681
-27798
-27870
-27889
-27855
-27765
-27620
-27411
-27130
-26766
-26309
-25746
-25061
-24237
-23257
-22102
-20756
-19202
-17430
-15432
-13199
-10728
-8023
-5119
-2037
1196
4543
7959
11344
14641
17786
20716
23364
25622
27448
28805
29661
29994
29802
29106
27936
26330
24329
22026
19481
16759
13917
11008
8117
5289
2561
-37
-2490
-4773
-6880
-8804
-10546
-12109
-13523
-14796
-15933
-16937
-17819
-18634
-19387
-20078
-20710
-21288
-21861
-22431
-22997
-23555
-24106
-24681
-25275
-25879
-26484
-27081
-27672
-28239
-28764
-29225
-29600
-29864
-29992
-29955
-29730
-29286
-28609
-27683
-26492
-25027
-23280
-21288
-19062
-16620
-13984
-11173
-8278
-5326
-2352
612
3540
6353
9032
11559
13922
16112
18107
19908
21520
22947
24201
25283
26207
26988
27640
28177
28618
28976
29260
29482
29650
29779
29874
29937
29977
29996
29998
29984
29956
29915
29862
29793
29709
29607
29486
29347
29183
28993
28774
28523
28239
27920
27566
27174
26743
26269
25767
25235
24675
24087
23471
22857
22249
21649
21061
20487
19966
19505
19106
18774
18511
18340
18265
18284
18397
18605
18919
19336
19850
20455
21145
21902
22716
23573
24458
25355
26224
27048
27810
28491
29072
29517
29820
29976
29983
29834
29540
29114
28571
27923
27181
26404
25613
24834
24083
23378
22781
22309
21973
21782
21741
21873
22175
22640
23253
23997
24836
25738
26669
27585
28436
29144
29665
29955
29967
29651
28997
28004
26676
25020
23046
20885
18587
16202
13775
11341
9065
6981
5116
3489
2106
1052
330
-57
-112
163
784
1752
3065
4717
6692
8906
11328
13914
16611
19343
21934
24307
26382
28068
29277
29908
29937
29352
28153
26353
24046
21308
18219
14861
11310
7695
4094
569
-2825
-6052
-9073
-11867
-14422
-16731
-18796
-20643
-22280
-23711
-24951
-26012
-26919
-27683
-28315
-28825
-29228
-29532
-29749
-29892
-29972
-29999
-29985
-29943
-29886
-29821
-29758
-29714
-29695
-29702
-29736
-29791
-29866
-29941
-29992
-29987
-29889
-29650
-29219
-28538
-27544
-26176
-24414
-22218
-19566
-16443
-12854
-8974
-4867
-609
3714
8014
12011
15649
18884
21693
24066
25916
27308
28317
29013
29469
29731
29867
29930
29952
29948
29915
29833
29664
29357
28838
28077
27017
25601
23773
21481
18868
15959
12787
9390
5815
2355
-934
-4011
-6850
-9434
-11593
-13346
-14716
-15724
-16395
-16705
-16662
-16264
-15503
-14359
-12880
-11048
-8842
-6252
-3274
-129
3151
6528
9946
13348
16455
19241
21693
23805
25580
26937
27941
28658
29151
29476
29664
29761
29796
29782
29713
29571
29321
28913
28283
27355
26122
24535
22551
20133
17255
14098
10707
7132
3426
-353
-3940
-7286
-10360
-13145
-15634
-17726
-19452
-20847
-21944
-22776
-23360
-23722
-23875
-23827
-23575
-23168
-22593
-21835
-20876
-19692
-18390
-16963
-15413
-13731
-11919
-10139
-8399
-6712
-5088
-3535
-2180
-1032
-92
638
1158
1449
1508
1342
945
319
-485
-1472
-2636
-3976
-5488
-7065
-8705
-10398
-12133
-13897
-15589
-17205
-18740
-20188
-21548
-22770
-23862
-24831
-25684
-26429
-27065
-27601
-28050
-28421
-28725
-28977
-29183
-29350
-29484
-29589
-29677
-29748
-29805
-29851
-29888
-29917
-29941
-29961
-29976
-29986
-29993
-29997
-29999
-29999
-29999
-29998
-29998
-29998
-29999
-29999
-29999
-29994
-29981
-29955
-29909
-29830
-29704
-29516
-29245
-28872
-28368
-27705
-26856
-25790
-24477
-22911
-21073
-18951
-16532
-13816
-10884
-7762
-4480
-1075
2413
5823
9117
12251
15195
17918
20309
22376
24131
25595
26792
27710
28397
28895
29246
29485
29633
29717
29752
29748
29703
29606
29435
29163
28750
28151
27329
26238
24828
23048
20854
18277
15311
11961
8252
4221
40
-4216
-8459
-12594
-16517
-20050
-23121
-25673
-27660
-29050
-29816
-29988
-29609
-28730
-27410
-25743
-23810
-21685
-19439
-17132
-14856
-12660
-10581
-8653
-6897
-5357
-4042
-2960
-2115
-1508
-1155
-1052
-1198
-1594
-2243
-3128
-4250
-5600
-7174
-8958
-10906
-12997
-15200
-17472
-19765
-21986
-24075
-25965
-27580
-28846
-29668
-29995
-29780
-28985
-27580
-25600
-23078
-20058
-16601
-12774
-8749
-4620
-477
3597
7531
11171
14477
17428
20015
22245
24083
25568
26743
27650
28336
28827
29168
29396
29539
29619
29647
29632
29569
29449
29250
28956
28540
27965
27194
26185
24932
23405
21580
19430
16942
14182
11163
7906
4447
822
-2839
-6485
-10057
-13498
-16752
-19718
-22356
-24636
-26529
-28021
-29090
-29744
-29995
-29861
-29364
-28531
-27392
-25980
-24326
-22464
-20415
-18207
-15872
-13434
-10922
-8338
-5702
-3037
-365
2292
4941
7558
10125
12618
15016
17318
19500
21542
23414
25097
26571
27811
28795
29498
29903
29990
29748
29163
28234
26956
25341
23403
21160
18630
15842
12849
9688
6401
3029
-385
-3768
-7081
-10284
-13338
-16209
-18844
-21221
-23324
-25142
-26671
-27897
-28829
-29481
-29865
-29999
-29902
-29599
-29113
-28468
-27687
-26794
-25814
-24763
-23664
-22532
-21381
-20222
-19071
-17937
-16828
-15744
-14688
-13667
-12685
-11748
-10839
-9959
-9114
-8302
-7525
-6763
-6013
-5278
-4557
-3851
-3146
-2441
-1735
-1032
-327
405
1167
1956
2774
3617
4494
5408
6353
7331
8338
9368
10419
11490
12576
13675
14766
15847
16916
17969
19004
19996
20946
21853
22716
23532
24287
24983
25622
26206
26737
27212
27632
28003
28329
28613
28857
29064
29238
29383
29504
29603
29682
29743
29791
29829
29856
29876
29888
29895
29897
29892
29879
29859
29828
29785
29724
29642
29533
29391
29209
28978
28690
28338
27908
27390
26784
26080
25269
24343
23293
22144
20895
19546
18097
16552
14968
13358
11732
10095
8454
6891
5416
4037
2757
1577
572
-258
-914
-1394
-1701
-1793
-1675
-1345
-802
-43
931
2120
3520
5125
6925
8867
10935
13103
15344
17617
19826
21932
23891
25661
27194
28416
29304
29836
29998
29775
29174
28213
26911
25296
23393
21245
18889
16359
13693
10922
8081
5202
2315
-549
-3366
-6148
-8873
-11517
-14057
-16472
-18778
-20948
-22953
-24761
-26348
-27692
-28761
-29519
-29930
-29967
-29603
-28820
-27607
-25960
-23881
-21423
-18619
-15513
-12151
-8584
-4969
-1368
2163
5578
8834
11792
14442
16783
18826
20586
22018
23162
24051
24717
25188
25464
25561
25485
25231
24785
24139
23266
22133
20702
18935
16876
14505
11811
8793
5462
1982
-1600
-5238
-8873
-12443
-15756
-18776
-21467
-23806
-25777
-27324
-28480
-29281
-29766
-29980
-29967
-29779
-29467
-29075
-28643
-28203
-27781
-27403
-27087
-26846
-26671
-26566
-26535
-26579
-26697
-26863
-27073
-27324
-27609
-27920
-28240
-28560
-28872
-29167
-29435
-29668
-29850
-29966
-29998
-29928
-29734
-29387
-28857
-28119
-27140
-25877
-24299
-22374
-20080
-17400
-14338
-10906
-7129
-3054
1253
5631
9981
14194
18151
21731
24733
27096
28775
29742
29991
29560
28549
27060
25196
23056
20839
18655
16594
14723
13093
11811
10906
10392
10281
10572
11221
12220
13549
15182
17077
19071
21112
23136
25069
26820
28215
29225
29826
29997
29725
29062
28086
26871
25488
23997
22568
21275
20175
19311
18713
18444
18511
18913
19636
20654
21857
23202
24633
26074
27441
28567
29399
29888
29983
29636
28874
27745
26302
24597
22682
20754
18895
17172
15634
14318
13343
12729
12489
12625
13140
13989
15155
16611
18317
20218
22136
24014
25780
27353
28643
29516
29950
29932
29455
28515
27207
25606
23787
21818
19757
17761
15894
14202
12724
11488
10532
9870
9508
9451
9698
10182
10895
11832
12981
14331
15746
17217
18722
20245
21764
23168
24450
25607
26635
27531
28259
28836
29278
29599
29817
29943
29995
29989
29938
29855
29747
29622
29484
29342
29200
29047
28883
28710
28527
28336
28118
27869
27589
27275
26920
26515
26054
25531
24942
24279
23557
22774
21926
21012
20030
19031
18015
16990
15957
14918
13948
13051
12235
11504
10860
10371
10035
9859
9840
9978
10303
10812
11501
12364
13392
14583
15920
17383
18948
20583
22228
23843
25383
26797
28028
28998
29663
29978
29904
29399
28460
27091
25305
23118
20556
17726
14688
11498
8211
4878
1666
-1382
-4236
-6875
-9287
-11381
-13168
-14663
-15881
-16840
-17515
-17920
-18068
-17962
-17596
-16973
-16078
-14896
-13406
-11586
-9491
-7112
-4449
-1511
1678
4938
8224
11490
14681
17738
20476
22874
24921
26611
27947
28896
29515
29863
29994
29962
29827
29644
29463
29316
29230
29217
29283
29415
29593
29783
29932
29999
29932
29677
29170
28398
27335
25962
24260
22220
19972
17556
15011
12372
9674
7112
4722
2530
554
-1193
-2598
-3666
-4395
-4790
-4853
-4566
-3928
-2937
-1588
115
2112
4389
6928
9693
12636
15582
18472
21229
23771
26008
27783
29059
29802
29992
29613
28707
27334
25561
23455
21082
18596
16080
13603
11218
8969
6942
5162
3649
2410
1451
767
356
221
356
767
1382
2203
3226
4449
5868
7364
8930
10559
12241
13961
15599
17153
18619
19994
21278
22389
23344
24155
24837
25404
25826
26116
26287
26346
26297
26122
25812
25355
24732
23917
22911
21687
20220
18486
16460
14207
11726
9024
6111
3006
-129
-3260
-6356
-9379
-12301
-14963
-17360
-19492
-21364
-22991
-24316
-25379
-26213
-26855
-27335
-27654
-27834
-27892
-27831
-27646
-27327
-26851
-26189
-25303
-24148
-22732
-21023
-18987
-16601
-13848
-10841
-7601
-4156
-549
3171
6813
10323
13649
16750
19588
22049
24136
25861
27244
28309
29071
29574
29866
29988
29981
29882
29723
29532
29333
29148
28977
28831
28717
28640
28605
28585
28583
28596
28625
28671
28706
28729
28742
28746
28739
28704
28638
28540
28405
28232
28002
27708
27340
26885
26334
25672
24884
23958
22876
21625
20209
18621
16852
14898
12758
10470
8045
5493
2831
74
-2708
-5496
-8264
-10984
-13628
-16139
-18495
-20675
-22661
-24435
-25969
-27256
-28295
-29085
-29629
-29927
-29994
-29844
-29492
-28952
-28250
-27405
-26439
-25371
-24218
-23010
-21762
-20493
-19217
-17948
-16705
-15493
-14326
-13209
-12151
-11149
-10209
-9331
-8521
-7779
-7084
-6440
-5846
-5304
-4811
-4330
-3862
-3409
-2968
-2539
-2086
-1606
-1101
-569
-11
606
1285
2023
2819
3674
4603
5603
6676
7814
9018
10270
11567
12903
14270
15661
17028
18365
19666
20924
22131
23249
24280
25224
26079
26846
27501
28053
28512
28888
29192
29421
29590
29712
29796
29853
29888
29905
29909
29901
29880
29841
29783
29696
29572
29401
29183
28910
28576
28170
27685
27149
26566
25936
25261
24545
23845
23171
22532
21938
21393
20948
20612
20388
20279
20288
20418
20664
21027
21497
22071
22699
23373
24085
24823
25574
26271
26912
27497
28023
28489
28860
29150
29373
29540
29663
29738
29776
29785
29767
29718
29623
29464
29219
28856
28338
27637
26715
25532
24047
22222
20101
17678
14956
11943
8658
5266
1816
-1649
-5083
-8440
-11567
-14440
-17042
-19369
-21423
-23166
-24622
-25821
-26791
-27562
-28173
-28647
-29009
-29277
-29473
-29623
-29737
-29821
-29880
-29922
-29955
-29979
-29994
-29999
-29993
-29971
-29928
-29857
-29749
-29596
-29387
-29109
-28751
-28300
-27742
-27085
-26324
-25452
-24463
-23354
-22198
-21008
-19794
-18567
-17337
-16221
-15234
-14391
-13700
-13168
-12883
-12849
-13062
-13523
-14228
-15175
-16349
-17726
-19274
-20951
-22642
-24301
-25872
-27291
-28487
-29355
-29864
-29994
-29721
-29033
-27983
-26620
-24998
-23164
-21168
-19153
-17181
-15304
-13559
-11980
-10634
-9543
-8719
-8169
-7898
-7853
-8034
-8440
-9071
-9919
-10857
-11883
-12986
-14164
-15408
-16571
-17657
-18666
-19603
-20470
-21170
-21715
-22115
-22380
-22515
-22475
-22259
-21859
-21265
-20459
-19426
-18141
-16585
-14731
-12560
-10133
-7447
-4515
-1351
2014
5419
8818
12157
15380
18433
21166
23550
25570
27212
28471
29331
29826
29998
29889
29542
29009
28338
27574
26758
25927
25110
24331
23614
22976
22433
21973
21603
21330
21158
21086
21084
21152
21288
21491
21760
22065
22405
22776
23177
23605
24042
24485
24934
25383
25833
26273
26702
27117
27516
27898
28259
28598
28908
29189
29435
29645
29812
29929
29992
29990
29918
29762
29513
29157
28683
28072
27308
26375
25260
23949
22418
20652
18641
16380
13868
11106
8106
4884
1474
-2086
-5725
-9382
-12992
-16475
-19748
-22684
-25210
-27261
-28776
-29702
-29999
-29678
-28761
-27285
-25294
-22919
-20254
-17388
-14401
-11362
-8445
-5711
-3197
-937
1055
2693
3979
4915
5505
5750
5649
5199
4398
3243
1729
-60
-2123
-4447
-7009
-9777
-12573
-15353
-18068
-20662
-23074
-25147
-26864
-28212
-29183
-29777
-29996
-29888
-29505
-28895
-28108
-27208
-26249
-25277
-24329
-23439
-22602
-21837
-21158
-20577
-20103
-19653
-19228
-18830
-18460
-18121
-17696
-17181
-16573
-15867
-15058
-14049
-12831
-11392
-9723
-7814
-5643
-3209
-517
2410
5547
8754
11982
15172
18256
21158
23688
25818
27522
28787
29605
29966
29944
29611
29040
28295
27497
26724
26039
25492
25114
24951
25009
25285
25762
26411
27149
27929
28685
29342
29814
29998
29847
29316
28361
26945
25156
23046
20662
18055
15269
12520
9872
7375
5066
2971
1187
-276
-1417
-2231
-2725
-2928
-2848
-2479
-1821
-874
215
1449
2819
4327
5965
7531
9024
10441
11782
13049
14085
14901
15506
15908
16114
16051
15715
15098
14189
12974
11458
9625
7461
4961
2126
-894
-4074
-7372
-10736
-14103
-17240
-20105
-22659
-24868
-26705
-28086
-29055
-29660
-29952
-29984
-29817
-29522
-29159
-28782
-28432
-28152
-27967
-27894
-27936
-28092
-28323
-28614
-28943
-29282
-29597
-29834
-29972
-29990
-29866
-29577
-29134
-28543
-27812
-26953
-25972
-24927
-23843
-22738
-21633
-20543
-19503
-18526
-17627
-16814
-16097
-15452
-14878
-14381
-13963
-13626
-13312
-13020
-12753
-12507
-12285
-12040
-11771
-11480
-11163
-10820
-10452
-10057
-9633
-9182
-8702
-8258
-7848
-7475
-7138
-6836
-6670
-6639
-6740
-6976
-7347
-7940
-8752
-9777
-11008
-12430
-14052
-15852
-17791
-19824
-21890
-23880
-25722
-27341
-28651
-29562
-29976
-29860
-29184
-27932
-26097
-23810
-21152
-18205
-15053
-11769
-8600
-5623
-2888
-434
1721
3454
4767
5663
6148
6227
5913
5204
4094
2575
649
-1560
-4045
-6780
-9726
-12828
-15827
-18675
-21318
-23704
-25781
-27398
-28588
-29388
-29842
-29998
-29916
-29686
-29383
-29071
-28799
-28622
-28569
-28643
-28837
-29122
-29437
-29731
-29942
-29992
-29794
-29291
-28438
-27195
-25529
-23411
-20996
-18338
-15493
-12513
-9445
-6547
-3871
-1451
687
2536
3976
5012
5649
5888
5736
5182
4221
2850
1066
-1132
-3617
-6364
-9336
-12476
-15710
-18792
-21651
-24211
-26396
-28128
-29291
-29896
-29963
-29524
-28615
-27337
-25780
-24027
-22152
-20222
-18324
-16510
-14823
-13297
-11953
-10774
-9772
-8955
-8330
-7898
-7578
-7369
-7272
-7283
-7408
-7558
-7736
-7940
-8169
-8426
-8664
-8881
-9082
-9262
-9426
-9590
-9756
-9924
-10095
-10268
-10505
-10806
-11171
-11596
-12083
-12698
-13439
-14298
-15269
-16342
-17542
-18853
-20248
-21701
-23179
-24631
-26013
-27278
-28369
-29230
-29784
-29998
-29835
-29268
-28268
-26876
-25125
-23048
-20683
-18070
-15375
-12660
-9976
-7369
-4875
-2633
-664
1023
2421
3532
4307
4750
4867
4657
4116
3265
2103
623
-1167
-3265
-5578
-8084
-10750
-13534
-16376
-19122
-21711
-24076
-26145
-27845
-29072
-29796
-29994
-29650
-28761
-27359
-25488
-23199
-20543
-17580
-14404
-11080
-7673
-4239
-830
2496
5705
8760
11636
14313
16790
19058
21106
22932
24533
25929
27116
28096
28869
29438
29810
29984
29961
29740
29322
28700
27867
26819
25555
24073
22358
20411
18231
15827
13209
10384
7372
4196
891
-2507
-5942
-9363
-12716
-15945
-18989
-21759
-24201
-26269
-27917
-29108
-29801
-29997
-29701
-28931
-27710
-26104
-24174
-21977
-19570
-17009
-14409
-11824
-9301
-6875
-4577
-2476
-586
1081
2522
3734
4714
5465
5988
6286
6362
6266
5999
5558
4944
4151
3260
2272
1187
5
-1273
-2556
-3839
-5125
-6407
-7684
-8889
-10024
-11090
-12088
-13018
-13866
-14638
-15336
-15962
-16517
-17035
-17515
-17957
-18365
-18738
-19138
-19562
-20009
-20478
-20969
-21538
-22177
-22878
-23630
-24421
-25263
-26133
-27001
-27833
-28591
-29230
-29705
-29966
-29959
-29633
-28955
-27904
-26461
-24614
-22360
-19809
-17006
-14001
-10841
-7572
-4395
-1359
1497
4151
6586
8677
10433
11864
12984
13808
14300
14472
14331
13868
13077
11988
10583
8851
6777
4356
1709
-1144
-4185
-7372
-10658
-13841
-16871
-19699
-22276
-24555
-26421
-27880
-28943
-29628
-29959
-29966
-29704
-29227
-28583
-27818
-26982
-26112
-25241
-24402
-23618
-22872
-22177
-21544
-20979
-20493
-20015
-19546
-19088
-18641
-18205
-17698
-17118
-16460
-15722
-14898
-13920
-12779
-11469
-9984
-8319
-6454
-4389
-2129
319
2940
5677
8504
11384
14273
17118
19809
22297
24527
26446
28001
29125
29794
29998
29728
28984
27793
26186
24201
21879
19261
16431
13444
10349
7200
4037
911
-2143
-5097
-7923
-10599
-13122
-15474
-17650
-19640
-21443
-23065
-24507
-25768
-26852
-27764
-28510
-29095
-29528
-29816
-29968
-29994
-29907
-29717
-29436
-29075
-28652
-28181
-27676
-27148
-26609
-26084
-25583
-25116
-24691
-24316
-24007
-23771
-23611
-23529
-23525
-23594
-23736
-23947
-24225
-24567
-24948
-25366
-25814
-26284
-26770
-27238
-27685
-28107
-28498
-28855
-29157
-29409
-29612
-29768
-29883
-29954
-29989
-29999
-29988
-29963
-29933
-29903
-29879
-29863
-29858
-29865
-29884
-29912
-29944
-29975
-29995
-29997
-29969
-29899
-29776
-29587
-29320
-28963
-28502
-27924
-27225
-26397
-25432
-24321
-23058
-21645
-20082
-18365
-16498
-14482
-12335
-10065
-7684
-5204
-2642
-17
2650
5343
8034
10699
13305
15825
18228
20489
22576
24445
26074
27444
28535
29332
29818
29998
29879
29474
28795
27890
26797
25556
24201
22764
21338
19960
18664
17475
16414
15555
14913
14500
14320
14376
14681
15229
16015
17020
18228
19568
21010
22517
24044
25538
26892
28061
28997
29650
29974
29926
29508
28728
27595
26123
24412
22519
20495
18390
16245
14184
12248
10468
8870
7469
6311
5402
4748
4353
4216
4281
4549
5017
5686
6550
7489
8504
9587
10736
11948
13082
14141
15125
16037
16880
17554
18068
18426
18637
18702
18569
18235
17694
16935
15947
14718
13233
11477
9437
7104
4552
1790
-1161
-4276
-7517
-10723
-13851
-16847
-19664
-22247
-24474
-26328
-27803
-28895
-29611
-29954
-29967
-29695
-29183
-28474
-27625
-26684
-25690
-24681
-23690
-22736
-21841
-21025
-20301
-19683
-19142
-18682
-18306
-18020
-17823
-17664
-17538
-17447
-17390
-17369
-17327
-17262
-17174
-17063
-16928
-16731
-16467
-16136
-15737
-15266
-14696
-14021
-13241
-12348
-11341
-10209
-8944
-7545
-6010
-4338
-2542
-621
1414
3557
5795
8081
10395
12716
15021
17283
19452
21504
23405
25127
26638
27890
28864
29547
29923
29984
29728
29168
28319
27197
25823
24245
22500
20616
18628
16561
14477
12403
10363
8377
6463
4645
2937
1345
-123
-1469
-2699
-3814
-4816
-5702
-6477
-7171
-7787
-8324
-8785
-9171
-9513
-9810
-10063
-10270
-10438
-10578
-10693
-10782
-10847
-10887
-10882
-10830
-10734
-10591
-10400
-10125
-9764
-9317
-8782
-8158
-7411
-6539
-5536
-4403
-3140
-1744
-215
1443
3226
5125
7084
9093
11133
13191
15249
17195
19024
20725
22293
23724
24939
25957
26801
27490
28046
28449
28729
28913
29015
29046
28996
28857
28614
28240
27699
26961
25979
24704
23085
21071
18731
16058
13057
9739
6134
2476
-1175
-4767
-8250
-11578
-14538
-17127
-19360
-21255
-22841
-24068
-24990
-25649
-26086
-26327
-26378
-26243
-25916
-25370
-24571
-23532
-22214
-20577
-18580
-16187
-13536
-10637
-7509
-4176
-675
2728
5993
9084
11974
14648
16935
18859
20451
21741
22762
23486
23944
24158
24141
23891
23409
22671
21643
20290
18567
16537
14176
11474
8423
5035
1522
-2063
-5674
-9254
-12745
-15923
-18763
-21255
-23398
-25199
-26612
-27690
-28486
-29053
-29439
-29679
-29817
-29891
-29923
-29929
-29915
-29873
-29788
-29637
-29389
-29027
-28525
-27851
-26972
-25853
-24540
-23030
-21322
-19417
-17320
-15150
-12932
-10691
-8448
-6224
-4108
-2117
-264
1443
3003
4381
5578
6597
7439
8109
8622
8985
9196
9259
9174
8983
8683
8275
7756
7126
6440
5694
4886
4019
3091
2158
1216
270
-681
-1637
-2553
-3426
-4256
-5043
-5790
-6454
-7037
-7542
-7968
-8316
-8551
-8672
-8680
-8578
-8363
-7995
-7472
-6794
-5956
-4958
-3777
-2413
-865
862
2765
4839
7070
9440
11917
14465
17020
19533
21942
24178
26165
27805
29031
29780
29994
29623
28650
27085
24951
